86884 87665 5197 0.18
89112 89935 5206 0.18
91394 92300 5191 0.18
92661 92865 5199 0.18
95822 96599 5172 0.18
96403 96609 5241 0.18
99808 100925 5227 0.18
102128 103301 5212 0.18
103420 103949 5230 0.18
105744 105974 5190 0.18
108140 108718 5201 0.18
111088 112476 5193 0.18
113328 114769 5185 0.18
114464 114732 5190 0.18
115824 116097 5252 0.18
118220 118903 5264 0.18
121248 122880 5249 0.18
123631 125721 5261 0.18
125808 127549 5234 0.18
127024 127346 5225 0.18
129104 129435 5237 0.18
131344 131684 5229 0.18
134831 137255 5234 0.18
137008 139018 5207 0.18
139741 141970 5215 0.18
140304 140683 5210 0.18
142536 143877 5292 0.18
144114 143464 5224 0.18
146981 147459 5219 0.18
148720 148720 5247 0.18
151833 153647 5255 0.18
153920 155168 5220 0.18
155680 155680 5202 0.18
158981 159519 5168 0.18
173837 209877 3470 0.14
161672 163333 5197 0.18
163903 165747 5167 0.18
178131 216352 3301 0.14
167046 168293 5094 0.18
171815 172676 4840 0.18
182783 223381 3088 0.14
176222 175989 4659 0.18
179874 178972 4488 0.18
184975 225707 3023 0.14
185102 184852 4293 0.18
189575 190564 4116 0.18
189793 233760 2844 0.14
195351 197304 3932 0.18
198948 200718 3760 0.18
198719 243858 2261 0.14
204311 206387 3560 0.18
207089 208427 3439 0.18
208472 257181 1755 0.14
212818 214353 3208 0.18
216158 218667 3094 0.18
218495 269376 1142 0.14
221984 224539 2849 0.18
223998 226628 2811 0.18
227605 281281 617 0.14
230498 232202 2490 0.18
233175 234479 2409 0.18
235775 291224 111 0.14
239123 241432 2206 0.18
241350 243926 2134 0.18
244025 300348 -401 0.14
247991 250665 1847 0.18
249971 251990 1775 0.18
251625 309615 -869 0.14
255898 255186 1495 0.18
257799 256689 1436 0.18
261183 321231 -1444 0.14
264618 263875 1142 0.18
267331 269527 1083 0.18
269695 334353 -1885 0.14
275403 280376 774 0.18
278495 345520 -2424 0.14
279873 284900 590 0.18
284283 289455 409 0.18
287426 357680 -2929 0.14
288108 286417 161 0.18
292548 295450 50 0.18
295305 365180 -3448 0.14
296188 294440 -140 0.18
301668 304680 -328 0.18
303295 376779 -3943 0.14
305229 304982 -486 0.18
310388 313505 -680 0.18
311842 386447 -4462 0.14
315138 317653 -848 0.18
317753 320578 -903 0.18
321530 400763 -5026 0.14
324224 328322 -1200 0.18
326710 330452 -1262 0.18
330152 410875 -5544 0.14
332886 335940 -1565 0.18
335750 339615 -1633 0.18
338655 421421 -6036 0.14
339766 342895 -1771 0.18
344630 348616 -1998 0.18
346485 432796 -6484 0.14
348633 346308 -2206 0.18
353108 356742 -2317 0.18
354303 438406 -7016 0.14
358914 361474 -2574 0.18
360708 364434 -2573 0.18
363705 452373 -7649 0.14
365701 367280 -2814 0.18
369895 370231 -2992 0.18
372265 460934 -8098 0.14
375422 376803 -3212 0.18
377746 375654 -3320 0.18
381535 475960 -8589 0.14
382724 384787 -3478 0.18
387527 392728 -3649 0.18
389295 485104 -8961 0.14
394141 490887 -9445 0.14
397232 399570 -4051 0.18
401467 404873 -4171 0.18
407045 506588 -10053 0.14
406779 411539 -4302 0.18
410528 508991 -10448 0.14
411433 415256 -4428 0.18
425117 558476 -11380 0.10
420537 423776 -4836 0.18
424938 433367 -4945 0.18
431669 535630 -11357 0.14
433161 436391 -5383 0.18
435005 541275 -11545 0.14
443931 584249 -12622 0.10
440460 448658 -5656 0.18
447936 452925 -5927 0.18
453048 458039 -6159 0.18
454906 566934 -12509 0.14
459811 466476 -6418 0.18
461651 576472 -12908 0.14
466166 471306 -6678 0.18
468257 614587 -13941 0.10
474831 480931 -7035 0.18
480925 597886 -13967 0.14
481221 488643 -7248 0.18
486254 495708 -7447 0.18
487258 605451 -14277 0.14
492166 496282 -7707 0.18
495162 648360 -15539 0.10
500808 505018 -8077 0.18
503281 508840 -8176 0.19
505326 627142 -15513 0.14
507207 512171 -8308 0.18
509585 515082 -8406 0.19
513555 639822 -16049 0.14
513631 515333 -8591 0.18
516411 522226 -8689 0.19
520178 682638 -17025 0.10
520160 523046 -8835 0.18
523231 527856 -8929 0.19
525472 528679 -9013 0.18
527520 527520 -9118 0.19
531685 662938 -17283 0.14
532534 539678 -9269 0.18
534035 535101 -9355 0.19
538621 674879 -17808 0.14
538362 537264 -9546 0.18
541291 547418 -9632 0.19
546471 720604 -19013 0.10
545152 546216 -9810 0.18
550472 558061 -10031 0.19
551642 550515 -10089 0.18
554244 557377 -10175 0.19
556513 696747 -18949 0.14
558469 561478 -10326 0.18
559590 553239 -10399 0.19
562643 704177 -19455 0.14
564693 564428 -10583 0.18
571438 756134 -20969 0.10
566933 566667 -10675 0.19
574818 580631 -11056 0.18
576511 581660 -11082 0.19
578395 581584 -11140 0.18
580320 580320 -11232 0.19
582371 727247 -20710 0.14
585125 590915 -11390 0.18
586472 583932 -11476 0.19
588659 737320 -21196 0.14
591918 596050 -11686 0.18
595664 789269 -22788 0.10
594102 597666 -11778 0.19
599996 600800 -12069 0.18
603708 615018 -12158 0.19
604817 605857 -12216 0.18
607520 614356 -12302 0.19
608828 763235 -22420 0.14
611051 609460 -12460 0.18
613475 614717 -12545 0.19
615603 774530 -22945 0.14
615872 619692 -12544 0.18
621623 824534 -24702 0.10
616298 612590 -12547 0.19
621156 628555 -12638 0.18
621662 624095 -12621 0.19
622512 626377 -12563 0.18
623524 627090 -12553 0.19
635331 796395 -24117 0.14
624987 621766 -12538 0.18
626866 632020 -12541 0.19
640550 804485 -24603 0.14
629211 636440 -12539 0.18
648692 864049 -26631 0.10
629942 633741 -12536 0.19
633750 635428 -12633 0.18
634229 629633 -12622 0.19
636361 647596 -12564 0.19
637723 640020 -12650 0.18
650724 824126 -25046 0.14
642398 646917 -12835 0.19
644363 646686 -12920 0.18
653923 830556 -25290 0.14
648583 648858 -13098 0.19
650796 651674 -13184 0.18
670405 895844 -28180 0.10
655223 655501 -13369 0.19
657803 662041 -13461 0.18
661783 662064 -13632 0.19
663763 660042 -13731 0.18
666408 849565 -25879 0.14
668503 668787 -13909 0.19
671003 675333 -13995 0.18
675063 675350 -14173 0.19
675923 672129 -14182 0.18
683492 920142 -28975 0.10
679385 864053 -26772 0.14
680663 680952 -14360 0.19
683163 687578 -14446 0.18
689098 684912 -14789 0.19
692623 882071 -27651 0.14
693562 691123 -14960 0.18
696651 704725 -15053 0.19
698605 938645 -30013 0.10
700724 705770 -15224 0.18
702742 707020 -15297 0.19
704435 894731 -28454 0.14
707142 711449 -15475 0.18
709302 713623 -15560 0.19
713511 716450 -15732 0.18
715543 715848 -15824 0.19
717706 913406 -29432 0.14
719739 718454 -15996 0.18
722023 722331 -16082 0.19
725076 975444 -31971 0.10
726763 731483 -16260 0.18
728583 728894 -16345 0.19
730834 932711 -30286 0.14
732643 728504 -16523 0.18
735143 735457 -16609 0.19
738622 988593 -29988 0.6
739803 744615 -16781 0.18
741942 746478 -16860 0.19
743954 950293 -31165 0.14
746589 744841 -17074 0.18
750179 1010267 -33918 0.10
748279 752025 -17090 0.19
753005 760088 -17274 0.18
754839 758620 -17346 0.19
756916 966747 -32032 0.14
758956 759993 -17518 0.18
761462 766126 -17610 0.19
763947 1025088 -31862 0.6
766013 773888 -17782 0.18
767862 772569 -17854 0.19
769956 984472 -32918 0.14
771722 768986 -18032 0.19
776443 1049089 -35824 0.10
773882 771137 -18118 0.18
777891 769675 -18296 0.19
780855 783880 -18382 0.18
783045 1004333 -33820 0.14
784983 785320 -18553 0.19
790091 1062276 -33848 0.6
786808 781275 -18646 0.18
792563 807411 -18817 0.19
794043 799234 -18903 0.18
795744 1017317 -34680 0.14
798103 798446 -19081 0.19
802613 1088098 -37792 0.10
800603 805840 -19167 0.18
804935 795305 -19415 0.19
808333 816676 -19500 0.18
808626 1032658 -35553 0.14
811542 816536 -19602 0.19
815534 1093656 -35773 0.6
813339 811874 -19694 0.18
818022 823059 -19852 0.19
822116 1055049 -36427 0.14
821882 818955 -20030 0.18
824662 829742 -20122 0.19
828693 1126815 -39684 0.10
828855 832079 -20294 0.18
831142 836265 -20373 0.19
835236 1072854 -37318 0.14
835524 841619 -20544 0.18
836615 826580 -20630 0.19
841781 1133876 -37734 0.6
841579 840060 -20808 0.18
843863 844227 -20894 0.19
846481 1094287 -38092 0.14
848139 846607 -21072 0.18
851443 867473 -21158 0.19
855893 1165382 -41705 0.10
855083 860701 -21329 0.18
856983 857354 -21421 0.19
858702 1099153 -38959 0.14
861773 870705 -21580 0.18
860938 855623 -21492 0.19
867795 1170390 -39640 0.6
864269 862225 -21554 0.18
865719 870097 -21550 0.19
872641 1129454 -39832 0.14
867549 865497 -21555 0.18
878792 1197830 -43455 0.10
868613 868192 -21538 0.19
870602 867490 -21537 0.19
872100 874949 -21539 0.18
884196 1139501 -40622 0.14
874715 884769 -21538 0.19
875415 878832 -21541 0.18
894218 1210224 -41564 0.6
877702 883131 -21532 0.19
878884 885317 -21535 0.18
880982 886433 -21534 0.19
904763 1233609 -45361 0.10
881659 880063 -21536 0.18
896259 1163319 -41346 0.14
883943 884326 -21535 0.19
885533 894728 -21531 0.18
887383 887767 -21549 0.19
917910 1242444 -43397 0.6
888163 883078 -21552 0.18
902365 1169791 -41681 0.14
890663 891049 -21551 0.19
918945 1259694 -46457 0.10
892043 897920 -21547 0.18
894182 899720 -21539 0.19
894779 893158 -21535 0.18
909005 1180780 -42036 0.14
897382 902941 -21534 0.19
898733 908073 -21536 0.18
899575 888735 -21522 0.19
940926 1277716 -45046 0.6
915716 1190910 -42333 0.14
902202 898970 -21521 0.18
903862 909463 -21523 0.19
931827 1282664 -47306 0.10
905895 909439 -21522 0.18
907062 912684 -21511 0.19
922196 1201737 -42668 0.14
908682 905425 -21510 0.18
910342 915986 -21513 0.19
951051 1293069 -45874 0.6
912733 922228 -21511 0.18
913463 913859 -21527 0.19
927466 1210131 -43007 0.14
915499 913838 -21526 0.18
916743 917141 -21528 0.19
945027 1305932 -48111 0.10
919243 925310 -21527 0.18
920103 920503 -21536 0.19
934034 1223571 -43342 0.14
921658 915945 -21495 0.18
923239 927927 -21477 0.19
964320 1319401 -46743 0.6
926022 941184 -21476 0.19
926420 929458 -21479 0.18
940586 1232241 -43722 0.14
927811 917899 -21478 0.19
956606 1324528 -48977 0.10
929700 932749 -21480 0.18
932055 920800 -21555 0.19
934164 941027 -21551 0.18
947316 1244645 -44077 0.14
936262 942076 -21550 0.19
937613 947383 -21553 0.18
977440 1342484 -47529 0.6
939462 945297 -21538 0.19
940432 942349 -21547 0.18
953528 1254621 -44359 0.14
942902 948760 -21552 0.19
969963 1351840 -49866 0.10
943579 941864 -21555 0.18
945863 946274 -21554 0.19
946859 945138 -21556 0.18
961205 1269032 -44777 0.14
949143 949556 -21555 0.19
989430 1366897 -48389 0.6
949923 944463 -21558 0.18
952423 952837 -21557 0.19
953883 960193 -21559 0.18
967504 1274706 -45144 0.14
955942 961886 -21545 0.19
983893 1377551 -50745 0.10
958055 961815 -21550 0.18
959302 965268 -21552 0.19
973849 1283365 -45493 0.14
961335 965109 -21551 0.18
962263 962682 -21554 0.19
1002446 1390548 -49224 0.6
965327 982995 -21539 0.19
965456 967149 -21535 0.18
980329 1294225 -45834 0.14
967482 964001 -21547 0.19
969015 972821 -21550 0.18
997253 1404019 -51633 0.10
971063 971486 -21555 0.19
986474 1314508 -46186 0.14
973835 985102 -21554 0.19
975383 975808 -21552 0.19
1016446 1415498 -50156 0.6
976438 958607 -21538 0.19
993121 1328437 -46541 0.14
979389 978484 -21510 0.19
1008933 1424724 -52493 0.10
983267 993064 -21504 0.19
998296 1331281 -46906 0.14
983709 982800 -21322 0.19
1029715 1440813 -51071 0.6
1002403 1335016 -47255 0.14
986862 1003790 -21237 0.19
986782 1003709 -20966 0.19
1022123 1447948 -53394 0.10
986084 994784 -20654 0.19
1011081 1357219 -47517 0.14
986942 999569 -20412 0.19
1041590 1463186 -51924 0.6
986936 1000891 -20133 0.19
1032637 1467570 -54212 0.10
986779 999336 -19914 0.19
987336 1004166 -19640 0.19
1012971 1374950 -47454 0.14
1052440 1482335 -52826 0.6
987016 1000972 -19362 0.19
987019 999579 -19148 0.19
985664 989684 -18778 0.19
1013070 1383595 -47111 0.14
987096 1001053 -18583 0.19
985979 998525 -18280 0.19
1039132 1501714 -54374 0.10
1064366 1511613 -53450 0.6
986138 984317 -18064 0.19
1013296 1390383 -46890 0.14
987656 1001622 -17843 0.19
988859 1001444 -17732 0.19
989193 1002034 -17542 0.20
988148 999462 -17378 0.19
1013239 1399506 -46898 0.14
990121 1000968 -17364 0.20
990550 1006244 -17290 0.19
989307 984038 -17148 0.20
990487 1005056 -17067 0.19
1039542 1524263 -54129 0.10
989684 995536 -16832 0.20
990004 995858 -16771 0.19
1015451 1412495 -47115 0.14
1065317 1536225 -53198 0.6
989378 999806 -16527 0.20
989606 988276 -16503 0.19
990487 1005056 -16374 0.20
988347 983084 -16204 0.19
989364 995214 -16027 0.20
989760 989760 -15997 0.19
1015864 1417976 -47199 0.14
989046 987716 -15765 0.20
990550 1006244 -15723 0.19
989735 990728 -15587 0.20
990019 1010550 -15436 0.19
1042386 1552845 -54663 0.10
990004 995858 -15291 0.20
989388 982684 -15203 0.19
1015607 1428157 -47135 0.14
1065196 1563259 -53208 0.6
988935 989927 -15032 0.20
989655 990648 -15003 0.19
989364 995214 -14721 0.20
989284 995133 -14620 0.19
989840 1002830 -14546 0.20
989288 992327 -14372 0.19
1016139 1432367 -47187 0.14
990867 1000744 -14367 0.20
990500 993760 -14280 0.19
990802 987951 -14087 0.20
991284 997146 -14000 0.19
1042264 1568934 -54799 0.10
991288 994334 -13839 0.20
1069122 1586282 -53759 0.6
992607 1000706 -13828 0.19
993667 1003573 -13804 0.20
1015508 1439848 -46860 0.14
993667 1003573 -13717 0.19
993044 998917 -13448 0.20
992964 998836 -13348 0.19
993440 1006480 -13267 0.20
992888 995939 -13093 0.19
1018313 1447364 -46993 0.14
993507 1003412 -13011 0.20
993140 996409 -12924 0.19
992002 989147 -12616 0.20
992484 998353 -12529 0.19
992488 995538 -12368 0.20
1043102 1582062 -54509 0.10
992488 995538 -12281 0.19
992867 1002765 -12173 0.20
1019108 1457134 -46669 0.14
1068705 1602467 -53603 0.6
991699 980481 -12086 0.19
992589 991671 -11861 0.20
992821 997559 -11760 0.19
993204 999078 -11699 0.20
993109 1000149 -11498 0.19
1018618 1463911 -46411 0.14
993427 1003331 -11424 0.20
993531 1005328 -11250 0.19
991922 989067 -11029 0.20
992960 1005993 -10955 0.19
992648 995698 -10800 0.20
1045517 1597877 -54375 0.10
992564 998434 -10680 0.19
993860 997132 -10708 0.20
1019287 1470933 -46157 0.14
1070794 1615203 -53508 0.6
993338 987154 -10534 0.19
994189 993270 -10408 0.20
994800 1006407 -10307 0.19
994800 1006407 -10220 0.20
995248 1017856 -10020 0.19
1018806 1475029 -45912 0.14
994547 1004463 -9933 0.20
994519 999590 -9764 0.19
994367 1002481 -9602 0.20
993506 987463 -9502 0.19
994640 1007697 -9421 0.20
1045322 1612752 -54206 0.10
993426 987384 -9220 0.19
994547 1004463 -9153 0.20
1020770 1489323 -45734 0.14
1071106 1632488 -53080 0.6
994519 999590 -8984 0.19
992949 985523 -8798 0.20
993286 991950 -8624 0.19
992869 985443 -8517 0.20
993826 1002273 -8436 0.19
1020404 1493307 -45460 0.14
995033 1012313 -8313 0.20
994627 1004544 -8226 0.19
994502 1000700 -8058 0.20
994502 1000700 -7971 0.19
1046614 1632473 -53982 0.10
993303 993736 -7727 0.20
1019951 1499127 -45183 0.14
993303 993736 -7640 0.19
1072466 1649923 -53066 0.6
994343 994777 -7549 0.20
993383 993816 -7385 0.19
993898 987710 -7268 0.20
994971 1006786 -7187 0.19
1020792 1507330 -45142 0.15
994651 1006462 -6988 0.20
993658 987472 -6901 0.19
994103 994537 -6733 0.20
994103 994537 -6646 0.19
1020600 1504760 -44952 0.14
994263 994697 -6485 0.20
1046535 1644877 -53823 0.10
994343 994777 -6404 0.19
1020822 1513063 -44876 0.15
994343 994777 -6230 0.20
994343 994777 -6143 0.19
1072758 1666656 -52925 0.6
994343 994777 -5969 0.20
994423 994857 -5889 0.19
1020466 1513541 -44693 0.14
994491 1006300 -5656 0.20
1020089 1505018 -44579 0.15
994056 996536 -5488 0.19
993578 987392 -5401 0.20
994136 996616 -5234 0.19
994183 994617 -5159 0.20
1046489 1660979 -53637 0.10
1020379 1514111 -44460 0.14
994103 994537 -4979 0.19
995283 1014200 -4905 0.20
1072700 1676721 -52755 0.6
1020035 1515256 -44327 0.15
995283 1014200 -4731 0.19
994263 994697 -4644 0.20
994103 994537 -4457 0.19
994183 994617 -4376 0.20
1020048 1521053 -44198 0.14
994183 994617 -4202 0.19
994422 1000619 -4102 0.20
1021041 1533873 -44161 0.15
994180 997453 -3915 0.20
994136 996616 -3828 0.19
993802 990221 -3654 0.20
1045988 1672060 -53462 0.10
994136 996616 -3567 0.19
1020657 1531041 -44011 0.14
994503 994937 -3431 0.20
994503 994937 -3344 0.19
1072761 1694293 -52512 0.6
1020266 1530167 -43916 0.15
994023 994457 -3132 0.20
994023 994457 -3045 0.19
994023 994457 -2871 0.20
994023 994457 -2784 0.19
1020956 1541929 -43738 0.14
994023 994457 -2610 0.20
994103 994537 -2529 0.19
1020329 1532006 -43669 0.15
993578 987392 -2328 0.20
994571 1006381 -2241 0.19
994171 1005976 -2035 0.20
1046341 1691614 -53194 0.10
993178 986995 -1948 0.19
1020080 1539588 -43391 0.14
993943 994376 -1806 0.20
1072645 1709640 -52363 0.6
994023 994457 -1726 0.19
1020355 1547821 -43354 0.15
994103 994537 -1558 0.20
994103 994537 -1471 0.19
994571 1006381 -1270 0.20
993578 987392 -1183 0.19
1020516 1545141 -43234 0.14
993573 993087 -977 0.20
994633 1011906 -896 0.19
1019875 1554250 -43069 0.15
994213 993727 -753 0.20
995193 1012476 -666 0.19
995211 1007029 -517 0.20
1046927 1709057 -52971 0.10
993258 987074 -354 0.19
1020160 1553602 -42931 0.14
993623 994056 -180 0.20
1072939 1727201 -52127 0.6
993623 994056 -93 0.19
1020808 1557914 -42860 0.15
993703 994136 75 0.20
993703 994136 162 0.19
994583 995017 266 0.20
993623 994056 429 0.19
1020643 1560795 -42682 0.15
994263 994697 552 0.20
994263 994697 639 0.19
1020000 1567519 -42453 0.14
995131 1006948 808 0.20
994839 999912 889 0.19
994218 988028 1063 0.20
1046700 1727374 -52707 0.10
995683 1014609 1143 0.19
1020865 1571498 -42398 0.15
994663 995097 1317 0.20
1072253 1738954 -51789 0.6
993643 975585 1404 0.19
1020451 1571843 -42317 0.14
994822 1001022 1598 0.20
996285 1026112 1672 0.19
994662 1000861 1872 0.20
1020915 1578520 -42081 0.15
995115 1006642 2033 0.20
994743 995177 2188 0.20
1020739 1576172 -42044 0.14
994743 995177 2362 0.20
994023 994457 2593 0.20
994023 994457 2767 0.20
1046716 1740513 -52471 0.10
1020329 1578838 -41874 0.15
994583 995017 2897 0.20
1071975 1757512 -51538 0.6
1020337 1581160 -41873 0.14
994343 994777 3090 0.20
994343 994777 3264 0.20
1020643 1583813 -41889 0.15
994583 995017 3419 0.20
1020932 1592174 -41914 0.14
994583 995017 3593 0.20
994823 995257 3747 0.20
1020515 1592651 -41892 0.15
993863 994296 3998 0.20
1020900 1597445 -41865 0.14
995623 996057 4031 0.20
1046650 1755357 -52346 0.10
995703 996137 4199 0.20
1020515 1599134 -41889 0.15
995703 996137 4373 0.20
1020595 1601455 -41900 0.14
1072783 1776109 -51340 0.6
995703 996137 4547 0.20
996310 1012101 4674 0.20
1020640 1620470 -41815 0.15
996310 1012101 4848 0.20
1021425 1618448 -41897 0.14
995703 996137 5003 0.20
1046354 1769540 -52620 0.10
995703 996137 5177 0.20
1022480 1629441 -42003 0.15
994851 984181 5457 0.20
1022225 1625859 -41963 0.14
1072376 1791498 -51444 0.6
996742 1002954 5648 0.20
1021093 1611207 -41815 0.15
997268 1014489 5920 0.20
1021929 1626310 -41858 0.14
1048129 1795009 -53042 0.10
996244 994872 6178 0.20
997822 1014949 6398 0.20
1022482 1623972 -41647 0.15
1073132 1811941 -51815 0.6
997342 1014460 6694 0.20
1022073 1622838 -41416 0.14
996156 988834 6940 0.20
996782 1013890 7262 0.20
1048115 1806263 -53138 0.10
1023011 1642031 -41130 0.15
997422 1014542 7469 0.20
1022268 1632496 -40948 0.14
1073479 1821667 -52032 0.6
996324 994952 7740 0.20
997742 1014868 7966 0.20
1023038 1645505 -40579 0.15
997102 1014216 8283 0.20
1023763 1652160 -40443 0.14
996324 994952 8521 0.20
997028 1008449 8779 0.20
1048834 1825795 -52323 0.10
1022987 1649811 -40092 0.15
1074788 1843184 -51758 0.6
996862 1013972 9083 0.20
1023412 1652988 -39904 0.14
995684 994313 9354 0.20
997342 1014460 9567 0.20
1023064 1655867 -39522 0.15
997422 1014542 9819 0.20
1023012 1657516 -39482 0.14
997301 1006407 9967 0.21
996804 1002700 10080 0.20
998454 1009629 10145 0.21
997623 998058 10251 0.20
1049006 1836151 -51567 0.10
1022904 1663312 -39330 0.15
997863 998298 10406 0.21
1075026 1855724 -51008 0.6
997703 998138 10506 0.20
1023332 1664876 -39283 0.14
997943 998378 10661 0.21
997703 998138 10767 0.20
997943 998378 10922 0.21
997783 998218 11022 0.20
1024390 1665998 -39239 0.15
997973 997485 11197 0.21
998393 1015735 11329 0.20
1024751 1674215 -39157 0.14
998953 1016305 11458 0.21
997493 997005 11584 0.20
999223 999659 11623 0.21
1049948 1861334 -51370 0.10
998823 999259 11742 0.20
1024448 1670608 -38993 0.15
999143 999579 11891 0.21
1075059 1874798 -50381 0.6
998823 999259 12003 0.20
1024420 1672268 -38912 0.14
998183 998618 12229 0.21
998903 999339 12258 0.20
999223 999659 12406 0.21
998903 999339 12519 0.20
1025313 1678087 -38810 0.15
998263 998698 12744 0.21
998983 999419 12774 0.20
1025192 1671161 -38748 0.14
999303 999739 12922 0.21
998983 999419 13035 0.20
998983 999419 13209 0.21
998983 999419 13296 0.20
1050510 1870757 -51203 0.10
1025209 1674370 -38590 0.15
998983 999419 13470 0.21
1076940 1891483 -50380 0.6
998983 999419 13557 0.20
1025386 1680337 -38502 0.14
999063 999499 13724 0.21
999063 999499 13811 0.20
999063 999499 13985 0.21
1000083 1019097 14072 0.20
1024995 1681252 -38313 0.15
1000083 1019097 14246 0.21
999063 999499 14333 0.20
1025146 1686672 -38225 0.14
999063 999499 14507 0.21
999063 999499 14594 0.20
999063 999499 14768 0.21
999063 999499 14855 0.20
1051714 1883435 -51097 0.10
1025075 1687975 -38068 0.15
999063 999499 15029 0.21
1078001 1906366 -50226 0.6
999063 999499 15116 0.20
1025245 1693818 -37979 0.14
999063 999499 15290 0.21
999063 999499 15377 0.20
999063 999499 15551 0.21
999063 999499 15638 0.20
1025075 1694538 -37809 0.15
999063 999499 15812 0.21
999063 999499 15899 0.20
1025245 1700396 -37721 0.14
999063 999499 16073 0.21
999063 999499 16160 0.20
999063 999499 16334 0.21
999063 999499 16421 0.20
1051301 1896682 -50836 0.10
1025585 1712220 -37551 0.15
999063 999499 16595 0.21
1077447 1916762 -49947 0.6
999063 999499 16682 0.20
1025245 1706973 -37463 0.14
999063 999499 16856 0.21
1000083 1019097 16943 0.20
1000083 1019097 17117 0.21
999063 999499 17204 0.20
1025075 1707584 -37287 0.15
999063 999499 17378 0.21
999063 999499 17465 0.20
1025245 1713550 -37205 0.14
999143 999579 17633 0.21
999143 999579 17720 0.20
999223 999659 17887 0.21
999223 999659 17974 0.20
1051314 1913276 -50576 0.10
1025075 1714147 -37028 0.15
998698 992479 18175 0.21
1077367 1930848 -49693 0.6
999691 1011565 18262 0.20
1025245 1720047 -36940 0.14
998933 998444 18450 0.21
998933 998444 18537 0.20
999302 1005531 18711 0.21
998295 986194 18798 0.20
1025665 1732198 -36789 0.15
1000003 1019015 18972 0.21
998983 999419 19059 0.20
1025405 1726946 -36708 0.14
998983 999419 19233 0.21
1000003 1019015 19320 0.20
998983 999419 19494 0.21
1051314 1930040 -50347 0.10
998983 999419 19581 0.20
1024969 1727577 -36561 0.15
999063 999499 19748 0.21
1077383 1947526 -49439 0.6
999063 999499 19835 0.20
999063 999499 20009 0.21
999063 999499 20096 0.20
1025283 1738947 -36391 0.14
999063 999499 20270 0.21
999063 999499 20357 0.20
1024969 1734138 -36303 0.15
999063 999499 20531 0.21
999063 999499 20618 0.20
999063 999499 20792 0.21
999063 999499 20879 0.20
1051114 1942809 -50218 0.10
1025060 1738849 -36140 0.14
999063 999499 21053 0.21
999063 999499 21140 0.20
1025585 1752822 -36058 0.15
999063 999499 21314 0.21
1077278 1963593 -49267 0.6
999063 999499 21401 0.20
999063 999499 21575 0.21
999063 999499 21662 0.20
1025363 1752202 -35881 0.14
1000083 1019097 21836 0.21
999063 999499 21923 0.20
1025075 1747923 -35793 0.15
999063 999499 22097 0.21
1000083 1019097 22184 0.20
999063 999499 22358 0.21
999063 999499 22445 0.20
1051194 1958352 -49894 0.10
1024905 1748507 -35623 0.14
999063 999499 22619 0.21
1077452 1981635 -49087 0.6
999063 999499 22706 0.20
1025075 1754486 -35535 0.15
999063 999499 22880 0.21
999063 999499 22967 0.20
999063 999499 23141 0.21
999063 999499 23228 0.20
1025245 1762720 -35365 0.14
999063 999499 23402 0.21
999063 999499 23489 0.20
1025585 1772559 -35277 0.15
999223 999659 23650 0.21
999223 999659 23737 0.20
999223 999659 23911 0.21
999223 999659 23998 0.20
1051433 1979225 -49633 0.10
1025245 1769217 -35100 0.14
999223 999659 24172 0.21
1077233 1992643 -48763 0.6
999223 999659 24259 0.20
1025075 1767612 -35019 0.15
999223 999659 24433 0.21
1000243 1019260 24520 0.20
1000243 1019260 24694 0.21
999223 999659 24781 0.20
1025405 1776115 -34868 0.14
999223 999659 24955 0.21
999223 999659 25042 0.20
1025235 1774495 -34786 0.15
999223 999659 25216 0.21
999223 999659 25303 0.20
999691 1011565 25504 0.21
1051314 1993568 -49392 0.10
998698 992479 25591 0.20
1025405 1782692 -34610 0.14
998778 992558 25759 0.21
1077344 2010133 -48458 0.6
999771 1011646 25846 0.20
1025745 1792618 -34521 0.15
999143 999579 26020 0.21
999143 999579 26107 0.20
999143 999579 26281 0.21
999143 999579 26368 0.20
1025405 1789270 -34351 0.14
999143 999579 26542 0.21
999143 999579 26629 0.20
1025395 1794620 -34230 0.15
999143 999579 26803 0.21
999143 999579 26890 0.20
999143 999579 27064 0.21
1051474 2010332 -49164 0.10
999143 999579 27151 0.20
1025538 1800570 -34066 0.14
999382 1005612 27338 0.21
1077259 2023009 -48223 0.6
999382 1005612 27425 0.20
1024969 1789669 -33978 0.15
999382 1005612 27599 0.21
999382 1005612 27686 0.20
999063 999499 27860 0.21
999063 999499 27947 0.20
1025200 1799296 -33802 0.14
999063 999499 28121 0.21
999063 999499 28208 0.20
1025155 1800507 -33720 0.15
999063 999499 28382 0.21
999063 999499 28469 0.20
999063 999499 28643 0.21
999063 999499 28730 0.20
1051310 2024906 -48877 0.10
1025572 1816158 -33524 0.15
999063 999499 28904 0.21
1077358 2042217 -47955 0.6
999063 999499 28991 0.20
1024995 1804975 -33436 0.14
999063 999499 29165 0.21
999063 999499 29252 0.20
999063 999499 29426 0.21
999063 999499 29513 0.20
1024963 1808633 -33266 0.15
999063 999499 29687 0.21
1000083 1019097 29774 0.20
1025431 1821652 -33177 0.14
1000243 1019260 29935 0.21
999223 999659 30022 0.20
999223 999659 30196 0.21
999223 999659 30283 0.20
1051301 2042569 -48603 0.10
1025075 1817715 -33001 0.15
999223 999659 30457 0.21
1077367 2059972 -47688 0.6
999223 999659 30544 0.20
1025256 1824325 -32932 0.14
999223 999659 30718 0.21
999223 999659 30805 0.20
999223 999659 30979 0.21
999223 999659 31066 0.20
1025745 1836523 -32768 0.15
999223 999659 31240 0.21
999223 999659 31327 0.20
1025405 1830819 -32687 0.14
999223 999659 31501 0.21
999835 1011420 31675 0.21
999223 999659 31849 0.21
1051461 2059331 -48374 0.10
1025235 1831161 -32510 0.15
999399 1004497 31957 0.21
1077367 2076253 -47421 0.6
999399 1004497 32131 0.21
1025405 1837316 -32422 0.14
999143 999579 32305 0.21
999143 999579 32479 0.21
1024965 1831445 -32345 0.15
999143 999579 32653 0.21
1025052 1835636 -32344 0.14
999143 999579 32827 0.21
999143 999579 33001 0.21
999143 999579 33175 0.21
1025235 1846019 -32228 0.15
999143 999579 33349 0.21
1025208 1847528 -32227 0.14
1051319 2072936 -48120 0.10
999143 999579 33523 0.21
1077632 2094699 -47192 0.6
999143 999579 33697 0.21
1025248 1852797 -32224 0.15
999143 999579 33871 0.21
1025443 1859686 -32230 0.14
999143 999579 34045 0.21
999143 999579 34219 0.21
1025920 1875381 -32227 0.15
999143 999579 34393 0.21
1025698 1872259 -32226 0.14
999538 1008608 34580 0.21
1051200 2088499 -48281 0.10
999538 1008608 34754 0.21
1025920 1880876 -32140 0.15
999063 999499 34928 0.21
1025665 1875917 -32056 0.14
1077365 2108048 -47092 0.6
999063 999499 35102 0.21
999063 999499 35276 0.21
1025155 1866057 -31894 0.15
999063 999499 35450 0.21
1025155 1867178 -31809 0.14
999223 999659 35611 0.21
1051488 2110821 -48555 0.10
999223 999659 35785 0.21
1025316 1874932 -31614 0.15
999223 999659 35959 0.21
1025316 1876056 -31530 0.14
1077720 2130279 -47360 0.6
999993 1017364 36160 0.21
999993 1017364 36334 0.21
1025316 1878224 -31355 0.15
999063 999499 36508 0.21
1025476 1879589 -31289 0.14
1051563 2123763 -48285 0.10
999063 999499 36682 0.21
999143 999579 36850 0.21
1025235 1875982 -31114 0.15
999143 999579 37024 0.21
1025332 1879423 -31030 0.14
1077420 2138534 -47366 0.6
999143 999579 37198 0.21
999143 999579 37372 0.21
1024798 1872257 -30815 0.15
999143 999579 37546 0.21
1024889 1875504 -30724 0.14
1051694 2133211 -48041 0.10
999143 999579 37720 0.21
999143 999579 37894 0.21
1024878 1875527 -30555 0.15
999143 999579 38068 0.21
1024969 1878858 -30471 0.14
1077657 2153627 -47102 0.6
999143 999579 38242 0.21
999143 999579 38416 0.21
1025155 1885506 -30296 0.15
999143 999579 38590 0.21
1024969 1882131 -30211 0.14
999143 999579 38764 0.21
1051150 2133582 -47770 0.10
999143 999579 38938 0.21
1025920 1907305 -30036 0.15
999143 999579 39112 0.21
1025665 1902421 -29965 0.14
1077077 2153828 -46825 0.6
999143 999579 39286 0.21
999303 999739 39447 0.21
1025920 1910780 -29789 0.15
999303 999739 39621 0.21
1025665 1905724 -29705 0.14
999303 999739 39795 0.21
1051381 2148114 -47507 0.10
999303 999739 39969 0.21
1025155 1895511 -29530 0.15
999303 999739 40143 0.21
1025665 1909027 -29445 0.14
1077157 2163911 -46587 0.6
1000073 1017446 40344 0.21
1000073 1017446 40518 0.21
1025315 1898952 -29283 0.15
999143 999579 40692 0.21
1025315 1900153 -29205 0.14
1051381 2158219 -47270 0.10
999143 999579 40866 0.21
999223 999659 41033 0.21
1025315 1902314 -29030 0.15
999223 999659 41207 0.21
1025315 1903434 -28945 0.14
1077447 2178831 -46349 0.6
999618 1008689 41395 0.21
999618 1008689 41569 0.21
1024878 1899532 -28814 0.15
999143 999579 41743 0.21
1024969 1902891 -28729 0.14
1051667 2170865 -47026 0.10
999143 999579 41917 0.21
999143 999579 42091 0.21
1025713 1921356 -28561 0.15
999143 999579 42265 0.21
1025555 1918623 -28476 0.14
1077764 2191421 -46099 0.6
999143 999579 42439 0.21
999143 999579 42613 0.21
1025396 1918687 -28281 0.15
999143 999579 42787 0.21
1025396 1919811 -28197 0.14
999143 999579 42961 0.21
1051123 2171917 -46825 0.10
999143 999579 43135 0.21
1024636 1903318 -28022 0.15
999143 999579 43309 0.21
1024636 1904590 -27950 0.14
1077447 2199523 -45899 0.6
999143 999579 43483 0.21
999303 999739 43644 0.21
1025155 1919522 -27775 0.15
999303 999739 43818 0.21
1025443 1927727 -27690 0.14
999303 999739 43992 0.21
1051150 2183917 -46555 0.10
999303 999739 44166 0.21
1025920 1941654 -27515 0.15
999303 999739 44340 0.21
1025665 1936418 -27424 0.14
1077157 2204483 -45635 0.6
999698 1008769 44527 0.21
1000073 1017446 44715 0.21
1026080 1945210 -27275 0.15
999698 1008769 44882 0.21
1025825 1939962 -27184 0.14
1051488 2201043 -46311 0.10
999223 999659 45056 0.21
999223 999659 45230 0.21
1025315 1929606 -27015 0.15
999223 999659 45404 0.21
1025315 1930647 -26924 0.14
1077157 2214485 -45391 0.6
999223 999659 45578 0.21
999223 999659 45752 0.21
1024958 1925691 -26716 0.15
999223 999659 45926 0.21
1051774 2212868 -45997 0.10
999223 999659 46100 0.21
1025068 1930656 -26547 0.14
999223 999659 46274 0.21
1024958 1928961 -26456 0.15
999223 999659 46448 0.21
1077897 2233445 -45070 0.6
999223 999659 46622 0.21
1025068 1933850 -26281 0.14
999223 999659 46796 0.21
1025235 1939131 -26197 0.15
999223 999659 46970 0.21
1051474 2216631 -45785 0.10
999223 999659 47144 0.21
1025523 1948453 -26022 0.14
999618 1008689 47332 0.21
1026000 1961455 -25937 0.15
999618 1008689 47506 0.21
1077817 2243171 -44793 0.6
999143 999579 47680 0.21
1025745 1957444 -25775 0.14
999303 999739 47841 0.21
1026000 1965092 -25703 0.15
999303 999739 48015 0.21
1051116 2218846 -45528 0.10
999303 999739 48189 0.21
1025745 1960586 -25502 0.14
998503 998939 48427 0.21
1024636 1936233 -25430 0.15
1077542 2247112 -44608 0.6
999143 999579 48550 0.21
999383 999819 48705 0.21
1025396 1956420 -25178 0.14
998898 1007962 48962 0.21
1025556 1958186 -25145 0.15
1051474 2235802 -45226 0.10
998978 1008042 49130 0.21
998538 992320 49192 0.21
1024756 1960113 -24951 0.14
998618 992399 49360 0.21
1025920 1974629 -24885 0.15
998343 998778 49585 0.21
1077542 2257298 -44376 0.6
998983 999419 49708 0.21
1024612 1958757 -24608 0.14
999063 999499 49875 0.21
1023996 1944501 -24523 0.15
998423 998859 50100 0.21
1051774 2251691 -45065 0.10
998663 999099 50255 0.21
999063 999499 50397 0.21
1025504 1964354 -24407 0.15
999063 999499 50571 0.21
1077015 2259453 -44119 0.6
1024413 1963063 -24233 0.14
998663 999099 50777 0.21
999063 999499 50919 0.21
1026072 1981767 -24135 0.15
1000674 1028978 51087 0.21
1024493 1966427 -23980 0.14
998898 1007962 51325 0.21
1051403 2261172 -44624 0.10
1025075 1967304 -23818 0.15
1077817 2282075 -43875 0.6
1025533 1970832 -23810 0.14
999243 1002957 51709 0.18
999724 1003458 51845 0.18
1025155 1970665 -23564 0.15
999236 1002815 52144 0.18
1025475 1972506 -23538 0.14
1050835 2263279 -44316 0.10
1024443 1970092 -23385 0.15
1024776 1979073 -23343 0.14
1024889 1971958 -23254 0.15
1077283 2284759 -43466 0.6
1024483 1975111 -23183 0.14
1025665 1994099 -23178 0.15
1025026 1978193 -23116 0.14
1050595 2274099 -44129 0.10
1025555 1984752 -23205 0.15
1025555 1985232 -23156 0.14
1025007 1973990 -23186 0.15
1077165 2299827 -43228 0.6
1025567 2002101 -23067 0.14
1050728 2283612 -44239 0.10
1025805 1992511 -22857 0.15
1026207 2002101 -22719 0.14
1025707 2005747 -22450 0.15
1024483 1984382 -22303 0.14
1077076 2301528 -43264 0.6
1051769 2295728 -44442 0.10
1027024 2022678 -22073 0.15
1025601 1992321 -21945 0.14
1026029 2013077 -21683 0.15
1025030 1998307 -21606 0.14
1051619 2295146 -44184 0.10
1077740 2314880 -43287 0.6
1024483 1983982 -21337 0.15
1026472 2010810 -21280 0.14
999662 1005166 55686 0.18
1025203 1984861 -21063 0.15
1000191 1005132 55836 0.18
1076987 2318083 -43283 0.6
1026466 2016622 -20916 0.14
1026234 2005240 -20737 0.15
1025432 2009919 -20513 0.14
1051465 2310373 -43428 0.10
1001385 1009148 56328 0.18
1026156 2003007 -20352 0.15
1078246 2334031 -42893 0.6
1026431 2009446 -20091 0.14
1027312 2014845 -19876 0.15
1052109 2320194 -42942 0.10
1026809 2005372 -19690 0.14
1027535 2002678 -19462 0.15
1027871 1998089 -19422 0.14
1078094 2344971 -42254 0.6
1027862 2012867 -19184 0.15
1027770 2000986 -18998 0.14
1027590 2009457 -18766 0.15
1054068 2334215 -42305 0.10
1027851 2004928 -18633 0.14
1078905 2355968 -41831 0.6
1027853 2001130 -18488 0.15
1028052 2019443 -18276 0.14
1028429 2019664 -18103 0.15
1027237 1994991 -17886 0.15
1054438 2334518 -41715 0.10
1027448 2004127 -17589 0.15
1001351 1009948 59471 0.18
1028605 2017534 -17315 0.15
1028318 2010234 -17228 0.14
1080169 2357661 -40762 0.6
1028906 2029059 -16937 0.15
1054285 2349168 -41247 0.10
1027783 2007109 -16786 0.16
1001872 1009777 60091 0.18
1027541 2000938 -16699 0.15
1027552 2004986 -16573 0.16
1027052 1992238 -16486 0.15
1001572 1008380 60385 0.18
1026234 1973024 -16172 0.16
1079504 2359182 -40365 0.6
1027945 2020542 -16065 0.15
1053778 2344718 -41097 0.10
1027510 1989553 -15901 0.16
1027510 1989553 -15814 0.15
1028100 2011366 -15591 0.16
1079798 2371668 -40241 0.6
1027123 1986460 -15417 0.15
1053973 2355023 -40924 0.10
1028292 2016162 -15229 0.16
1027447 1996508 -15122 0.15
1026314 1973421 -14989 0.16
1027052 1992238 -14902 0.15
1080541 2378143 -40090 0.6
1026972 1992078 -14708 0.16
1054322 2360338 -40771 0.10
1026429 1978235 -14621 0.15
1027625 2019972 -14335 0.16
1026209 1983901 -14248 0.15
1027249 1984860 -14144 0.16
1028665 2020948 -14057 0.15
1079859 2384797 -39833 0.6
1027079 1986335 -13843 0.16
1052743 2345405 -40579 0.10
1027079 1986335 -13756 0.15
1027052 1992318 -13693 0.16
1027052 1992318 -13606 0.15
1027052 1992158 -13405 0.16
1028752 2035466 -13318 0.15
1079695 2378217 -39735 0.6
1052951 2368221 -40450 0.10
1026369 1984141 -13052 0.16
1000979 1005716 63794 0.18
1026369 1984141 -12965 0.15
1026209 1983822 -12752 0.16
1026209 1983822 -12665 0.15
1028790 2024057 -12561 0.16
1079512 2390624 -39554 0.6
1053180 2368577 -40339 0.10
1028148 2010613 -12530 0.15
1027212 1992479 -12397 0.16
1027212 1992479 -12310 0.15
1026104 1971919 -11983 0.16
1079869 2392545 -39438 0.6
1052921 2377407 -40223 0.10
1026609 1984780 -11896 0.15
1027805 1999118 -11699 0.16
1028093 2008324 -11593 0.15
1027979 2005434 -11506 0.16
1027169 1984780 -11332 0.15
1028790 2026092 -11245 0.16
1079593 2403042 -39230 0.6
1053611 2386552 -39971 0.10
1027315 1988593 -11077 0.15
1027326 2006889 -10908 0.16
1026642 1989464 -10821 0.15
1026304 1982795 -10634 0.16
1027228 2002445 -10560 0.15
1053551 2388058 -39871 0.10
1026739 1997573 -10320 0.16
1027108 2008753 -10207 0.15
1027902 2023357 -10088 0.16
1026403 1985181 -10001 0.15
1026886 1999364 -9807 0.16
1078951 2411725 -39222 0.6
1026726 1999122 -9694 0.15
1053112 2402378 -39833 0.10
1026640 1987359 -9595 0.16
1026640 1987359 -9508 0.15
1026560 1987359 -9327 0.16
1027721 2014988 -9247 0.15
1026439 1986095 -9033 0.16
1027910 2023568 -8946 0.15
1053294 2416784 -39698 0.10
1027902 2023520 -8788 0.16
1026792 1997129 -8681 0.15
1026634 1993094 -8594 0.16
1079157 2433244 -39192 0.6
1025842 1972915 -8420 0.15
1053270 2418493 -39659 0.10
1026139 1975006 -8321 0.16
1027228 2002767 -8234 0.15
1026812 1994046 -8041 0.16
1027641 2015150 -7954 0.15
1027639 1987454 -7836 0.16
1027639 1987454 -7749 0.15
1052852 2421446 -39327 0.10
1029102 2024824 -7584 0.16
1028072 1998415 -7478 0.15
1029813 2040841 -7397 0.16
1079259 2450421 -39095 0.6
1028720 2012976 -7223 0.15
1053060 2427296 -39441 0.10
1027579 1976358 -7124 0.16
1028748 2004218 -7044 0.15
1028332 1995490 -6850 0.16
1027579 1976278 -6763 0.15
1028897 2013896 -6575 0.16
1027799 1987774 -6469 0.15
1054272 2438671 -39282 0.10
1027763 1986859 -6298 0.16
1028152 1998656 -6191 0.15
1028557 2008972 -6104 0.16
1080528 2469893 -39235 0.6
1028720 2013138 -5930 0.15
1054361 2436782 -39300 0.10
1028406 2001296 -5785 0.16
1028246 2001054 -5672 0.15
1028246 2001135 -5591 0.16
1028246 2001135 -5417 0.15
1027463 1981161 -5330 0.16
1028035 1988914 -5099 0.15
1054272 2451856 -39026 0.10
1027763 1981963 -4928 0.16
1028486 2000410 -4841 0.15
1028815 2021176 -4731 0.16
1028194 2005359 -4644 0.15
1080995 2489730 -39164 0.6
1054409 2460867 -38968 0.10
1028486 2000410 -4409 0.16
1028486 2000410 -4322 0.15
1028333 1996495 -4148 0.16
1028413 1996575 -4067 0.15
1028115 1988994 -3893 0.16
1028513 2000997 -3786 0.15
1029040 2012571 -3628 0.16
1054180 2470149 -38782 0.10
1029040 2012652 -3547 0.15
1028425 2014987 -3379 0.16
1027922 2002339 -3305 0.15
1054630 2473062 -38760 0.10
1080594 2504293 -39037 0.6
1027526 1999686 -3045 0.16
1028960 2012652 -3021 0.15
1028619 2005837 -2915 0.16
1028619 2005837 -2828 0.15
1028191 1994907 -2654 0.16
1027623 1980443 -2567 0.15
1027292 1993805 -2271 0.16
1027338 1971298 -2241 0.15
1053689 2476212 -38563 0.10
1028267 2007201 -2098 0.16
1028267 2007201 -2011 0.15
1080995 2519619 -38920 0.6
1028240 2012086 -1765 0.16
1028160 2011924 -1658 0.15
1027372 1991837 -1571 0.16
1054898 2497853 -38317 0.10
1028068 2009562 -1397 0.15
1027391 1994104 -1284 0.16
1026823 1979646 -1197 0.15
1027951 2004883 -997 0.16
1027686 2000008 -891 0.15
1054359 2502992 -38421 0.10
1027985 1995233 -742 0.16
1080551 2527423 -38743 0.6
1029409 2031510 -655 0.15
1026802 1973550 -471 0.16
1027846 2000169 -384 0.15
1027899 2005353 -271 0.16
1026225 1962686 -184 0.15
1053844 2504205 -37997 0.10
1027391 1994264 10 0.16
1027391 1994264 97 0.15
1028031 2004963 302 0.16
1028521 2015394 396 0.15
1054145 2504849 -38134 0.10
1079881 2544059 -38779 0.6
1029197 2028961 521 0.16
1027825 1993979 608 0.15
1028400 2012409 822 0.16
1027926 2000330 909 0.15
1027372 1991837 1055 0.16
1027372 1991837 1142 0.15
1053323 2506335 -37856 0.10
1027481 1976668 1312 0.16
1029131 2018725 1399 0.15
1027264 1983514 1595 0.16
1027612 1994206 1709 0.15
1055730 2561815 -37991 0.10
1001411 1005269 78615 0.19
1028449 2008932 1904 0.16
1079961 2561153 -38621 0.6
1026989 1971730 1991 0.15
1028006 1999525 2185 0.16
1028006 2000571 2196 0.15
1027791 1995067 2283 0.16
1028497 2013086 2457 0.15
1054525 2531362 -37737 0.10
1027372 1991837 2629 0.16
1028554 2021951 2716 0.15
1027893 1997684 2976 0.16
1054356 2542205 -37760 0.10
1027618 1992540 3082 0.15
1028629 2018312 3169 0.16
1080115 2580444 -38594 0.6
1028125 1999601 3324 0.15
1027383 1980682 3411 0.16
1001891 1005758 80290 0.19
1027715 1989154 3585 0.15
1027715 1989154 3672 0.16
1053988 2548049 -37338 0.10
1027715 1989154 3846 0.15
1027319 1986575 4005 0.16
1028181 2008522 4092 0.15
1053935 2541756 -37458 0.10
1028431 2004399 4348 0.16
1028166 2000652 4365 0.15
1080223 2592913 -38720 0.6
1055339 2554616 -37363 0.11
1028869 2018556 4539 0.16
1028125 1998555 4796 0.15
1026683 1961805 4883 0.16
1027060 1971406 5057 0.15
1027715 1988113 5144 0.16
1053591 2548058 -37118 0.10
1027715 1988113 5318 0.15
1028790 2024220 5382 0.16
1028166 1999686 5657 0.16
1053809 2551971 -37132 0.10
1026817 1968218 5681 0.16
1080283 2607482 -38643 0.6
1027087 1975103 5855 0.16
1055290 2566875 -37043 0.11
1028950 2024383 6062 0.16
1027503 1998932 6335 0.16
1053767 2566987 -36980 0.10
1027494 1980749 6505 0.16
1029392 2035793 6568 0.16
1028825 2021355 6742 0.16
1054596 2585325 -36957 0.10
1027555 1988994 6916 0.16
1055126 2573815 -36865 0.11
1027320 1967168 7087 0.16
1080025 2616785 -38406 0.6
1029143 1998116 7232 0.16
1053484 2575679 -36699 0.10
1028588 1990839 7442 0.16
1027193 1950340 7520 0.16
1054895 2578513 -36670 0.11
1054070 2584175 -36682 0.10
1029673 2013446 7794 0.16
1080161 2635183 -38423 0.6
1002608 1007876 84962 0.19
1028766 2007293 8220 0.16
1054910 2594742 -36747 0.10
1029067 2015785 8435 0.16
1056131 2590238 -36660 0.11
1030422 2032697 8569 0.16
1055510 2599036 -36519 0.10
1029288 2005740 8840 0.16
1081166 2645731 -38452 0.6
1029282 2003628 9179 0.16
1054959 2602440 -36280 0.10
1028870 1993106 9437 0.16
1056310 2602042 -36005 0.11
1029733 2024686 9753 0.16
1003141 1010849 86586 0.19
1081322 2657869 -38464 0.6
1055312 2605853 -35965 0.10
1029733 2024849 9998 0.16
1027566 1984472 10379 0.16
1030133 2024360 10560 0.16
1055597 2616263 -35618 0.10
1028242 2002581 10918 0.16
1056491 2623358 -35324 0.11
1028800 1991240 11113 0.16
1081785 2677208 -37839 0.6
1055061 2618512 -35125 0.10
1030592 2036940 11371 0.16
1029973 2024849 11668 0.16
1081151 2674809 -37636 0.7
1028446 1986149 11907 0.16
1055006 2619782 -34726 0.10
1029653 2023871 12268 0.16
1029733 2023953 12520 0.16
1057092 2640256 -34693 0.11
1029595 2010565 12668 0.17
1081248 2689483 -37334 0.6
1029206 2000652 12755 0.16
1056031 2641368 -34704 0.10
1029569 2010049 12916 0.17
1028755 1989314 13003 0.16
1029233 2001722 13165 0.17
1027803 1963306 13246 0.16
1080849 2688574 -37151 0.7
1055365 2643811 -34584 0.10
1027803 1963306 13420 0.17
1029313 2002366 13462 0.16
1028755 1990194 13636 0.17
1028755 1989234 13800 0.16
1056201 2641560 -34489 0.11
1027795 1988273 14051 0.17
1027795 1988353 14131 0.16
1081688 2709705 -37061 0.6
1055791 2650071 -34434 0.10
1027795 1988593 14286 0.17
1029725 2027993 14341 0.16
1029725 2028646 14464 0.17
1028195 1989634 14551 0.16
1081951 2715633 -37136 0.7
1054718 2625548 -34430 0.10
1028835 1989394 14744 0.17
1028915 1989474 14825 0.16
1028915 1989794 14973 0.17
1028915 1989794 15060 0.16
1055033 2639366 -34214 0.11
1028195 1989074 15292 0.17
1028195 1989634 15334 0.16
1081993 2721318 -37120 0.6
1054058 2633188 -34299 0.10
1028675 1989074 15553 0.17
1028755 1989314 15620 0.16
1027875 1988433 15865 0.17
1027875 1988433 15952 0.16
1081451 2716415 -37104 0.7
1055355 2653263 -34213 0.10
1027875 1988753 16100 0.17
1028275 1989154 16155 0.16
1028275 1989794 16278 0.17
1028275 1989794 16365 0.16
1055338 2652452 -34144 0.11
1028835 1989314 16577 0.17
1028995 1989474 16652 0.16
1081697 2733661 -37019 0.6
1055437 2663249 -34057 0.10
1028995 1989874 16794 0.17
1028995 1989874 16881 0.16
1028593 2001077 17138 0.17
1028593 2001722 17174 0.16
1080569 2733005 -36989 0.7
1054579 2663460 -33996 0.10
1029537 2014139 17310 0.17
1028127 1976216 17391 0.16
1029233 2002446 17559 0.17
1029233 2002446 17646 0.16
1056420 2672181 -33844 0.11
1028915 1989714 17864 0.17
1080289 2736225 -36930 0.6
1029565 2027830 18022 0.16
1055007 2664904 -33923 0.10
1028035 1989474 18145 0.17
1028035 1989634 18219 0.16
1028675 1990274 18342 0.17
1080779 2735176 -36977 0.7
1028835 1990434 18416 0.16
1028835 1989794 18641 0.17
1028835 1989794 18728 0.16
1056280 2712259 -33804 0.10
1028115 1989074 18960 0.17
1028115 1989474 19015 0.16
1055307 2684032 -33780 0.11
1027563 1963859 19138 0.17
1080416 2751108 -36994 0.6
1029153 2002446 19219 0.16
1029313 2002607 19380 0.17
1029313 2002607 19467 0.16
1080854 2752118 -37148 0.7
1054896 2684251 -33789 0.10
1030525 2028973 19679 0.17
1028195 1989154 19830 0.16
1028195 1989554 19972 0.17
1028195 1989794 20040 0.16
1054176 2688014 -33568 0.10
1028675 1990274 20176 0.17
1028915 1990514 20243 0.16
1080929 2764215 -37069 0.6
1056235 2702570 -33684 0.11
1028915 1989874 20469 0.17
1028915 1989874 20556 0.16
1028275 1989234 20781 0.17
1028275 1989554 20842 0.16
1081577 2779716 -37091 0.7
1054870 2712559 -33469 0.10
1028675 1990354 20952 0.17
1028755 1989474 21110 0.16
1028915 1989634 21271 0.17
1028915 1989634 21358 0.16
1055590 2720049 -33543 0.10
1029075 1990434 21468 0.17
1028275 1989634 21619 0.16
1081203 2783247 -37082 0.6
1056138 2707906 -33332 0.11
1028275 1989714 21786 0.17
1028275 1989794 21867 0.16
1030285 2028483 22067 0.17
1029075 1989794 22128 0.16
1080860 2786399 -37123 0.7
1054870 2708065 -33297 0.10
1028115 1989474 22328 0.17
1029645 2028483 22415 0.16
1028675 1990034 22544 0.17
1028675 1990034 22631 0.16
1053996 2707482 -33217 0.10
1028675 1990354 22779 0.17
1028835 1989554 22930 0.16
1080529 2797088 -37076 0.6
1055608 2719929 -33256 0.11
1028447 1976613 23035 0.17
1029937 2014706 23116 0.16
1030097 2014382 23315 0.17
1081100 2802186 -37079 0.7
1027967 1975739 23453 0.16
1054127 2723651 -33118 0.10
1028515 1989794 23621 0.17
1028515 1989954 23695 0.16
1028595 1990274 23844 0.17
1028995 1990674 23899 0.16
1055219 2736257 -32993 0.10
1028995 1990274 24105 0.17
1080416 2812146 -36891 0.6
1028995 1990274 24192 0.16
1056267 2739795 -32987 0.11
1028515 1989794 24404 0.17
1028515 1989794 24491 0.16
1028595 1990274 24627 0.17
1081209 2825611 -37041 0.7
1028595 1990274 24714 0.16
1054704 2741664 -32868 0.10
1029075 1990754 24849 0.17
1029075 1990834 24930 0.16
1029633 2002446 25156 0.17
1028993 2001802 25294 0.16
1055424 2749945 -32839 0.10
1028993 2001883 25461 0.17
1028993 2002124 25529 0.16
1080923 2832507 -37012 0.6
1055787 2753194 -32750 0.11
1028595 1990274 25678 0.17
1028915 1990594 25739 0.16
1028915 1990114 25951 0.17
1028915 1990114 26038 0.16
1081340 2838523 -37079 0.7
1055344 2758530 -32741 0.10
1028515 1989714 26244 0.17
1028515 1989714 26331 0.16
1028595 1990354 26454 0.17
1028595 1990354 26541 0.16
1055190 2774660 -32641 0.10
1028995 1990754 26683 0.17
1028995 1990754 26770 0.16
1080824 2841003 -36974 0.6
1056058 2764241 -32590 0.11
1029235 1990994 26925 0.17
1030125 2029381 27063 0.16
1030125 2029381 27237 0.17
1028595 1990354 27324 0.16
1080513 2844735 -36868 0.7
1054378 2760344 -32434 0.10
1028675 1990434 27492 0.17
1029075 1990834 27547 0.16
1029075 1990834 27721 0.17
1029075 1990834 27808 0.16
1055115 2773168 -32392 0.10
1029075 1990834 27982 0.17
1029075 1990834 28069 0.16
1081411 2859201 -36929 0.6
1055738 2778105 -32393 0.11
1029075 1990834 28243 0.17
1029075 1990834 28330 0.16
1029075 1990834 28504 0.17
1029075 1990834 28591 0.16
1080940 2866615 -36983 0.7
1055087 2779197 -32319 0.10
1029075 1990834 28765 0.17
1029075 1990914 28845 0.16
1029075 1989954 29096 0.17
1029075 1989954 29183 0.16
1055379 2792921 -32271 0.10
1029151 1996673 29227 0.17
1029151 1996673 29314 0.16
1080896 2877916 -36898 0.6
1056500 2799296 -32182 0.11
1029151 1996673 29488 0.17
1029151 1996673 29575 0.16
1028915 1990674 29749 0.17
1028915 1990674 29836 0.16
1081609 2890052 -36933 0.7
1055597 2805608 -32032 0.10
1029075 1990834 29997 0.17
1029075 1990834 30084 0.16
1029075 1990834 30258 0.17
1030605 2029870 30345 0.16
1030605 2029870 30519 0.17
1029075 1990834 30606 0.16
1055984 2800418 -31795 0.11
1081376 2894759 -36937 0.6
1029075 1990834 30780 0.17
1029075 1990834 30867 0.16
1055072 2805110 -31803 0.10
1029075 1990834 31041 0.17
1029075 1990834 31128 0.16
1029473 2002849 31322 0.17
1027963 1964333 31409 0.16
1081240 2901384 -36713 0.7
1055328 2813461 -31742 0.10
1027963 1964333 31583 0.17
1029473 2002849 31670 0.16
1028995 1990674 31844 0.17
1030525 2029707 31931 0.16
1056144 2814913 -31648 0.11
1030525 2029707 32105 0.17
1028995 1990674 32192 0.16
1081142 2904771 -36660 0.6
1055481 2825235 -31567 0.10
1028995 1990674 32366 0.17
1028995 1990674 32453 0.16
1028995 1990674 32627 0.17
1028995 1990674 32714 0.16
1081400 2917107 -36663 0.7
1054858 2815730 -31454 0.10
1028995 1990674 32888 0.17
1028995 1990674 32975 0.16
1028995 1990674 33149 0.17
1028995 1990674 33236 0.16
1056548 2840766 -31360 0.11
1028995 1990674 33410 0.17
1028995 1990674 33497 0.16
1081164 2923161 -36634 0.6
1054858 2824441 -31369 0.10
1028995 1990674 33671 0.17
1028995 1990674 33758 0.16
1028995 1990674 33932 0.17
1028995 1990674 34019 0.16
1081180 2930082 -36637 0.7
1055115 2836863 -31282 0.10
1028995 1990674 34193 0.17
1029913 2014175 34360 0.17
1028995 1990754 34534 0.17
1056138 2843976 -31194 0.11
1028995 1990754 34708 0.17
1081488 2945855 -36558 0.6
1055517 2855555 -31113 0.10
1028024 1969734 34922 0.17
1028024 1969734 35096 0.17
1031131 2048976 35270 0.17
1055007 2847068 -31113 0.10
1081180 2945388 -36555 0.7
1031131 2048976 35444 0.17
1028915 1990514 35611 0.17
1055779 2847454 -31206 0.11
1028915 1990514 35785 0.17
1055619 2872752 -31302 0.10
1028915 1990514 35959 0.17
1081296 2957882 -36559 0.6
1027297 1951108 36153 0.17
1053765 2831161 -31337 0.10
1027297 1951108 36327 0.17
1081019 2958159 -36736 0.7
1028835 1990354 36501 0.17
1056280 2877061 -31423 0.11
1028835 1990354 36675 0.17
1055004 2870706 -31429 0.10
1028835 1990354 36849 0.17
1031131 2048894 37023 0.17
1081100 2971976 -36865 0.6
1055311 2884643 -31516 0.10
1031131 2048894 37197 0.17
1028835 1990354 37371 0.17
1080947 2975122 -37048 0.7
1056427 2896279 -31583 0.11
1028835 1990434 37539 0.17
1055231 2892274 -31595 0.10
1028835 1990514 37706 0.17
1028835 1990514 37880 0.17
1080997 2984290 -37314 0.6
1055231 2895568 -31510 0.10
1028835 1990514 38054 0.17
1028835 1990514 38228 0.17
1081576 3005769 -37464 0.7
1056042 2894558 -31417 0.11
1028835 1990514 38402 0.17
1054996 2893447 -31340 0.10
1028915 1990594 38570 0.17
1081339 3007149 -37486 0.6
1027944 1969576 38784 0.17
1054847 2892689 -31260 0.10
1028024 1969655 38951 0.17
1081100 3005013 -37407 0.7
1028835 1990354 39125 0.17
1055848 2896971 -31168 0.11
1028835 1990354 39299 0.17
1054847 2898131 -31174 0.10
1028835 1990354 39473 0.17
1081020 3009897 -37423 0.6
1028835 1990354 39647 0.17
1054927 2901493 -31094 0.10
1028835 1990354 39821 0.17
1080859 3010503 -37420 0.7
1028835 1990354 39995 0.17
1056235 2917137 -31039 0.11
1028835 1990354 40169 0.17
1056103 2941623 -30962 0.10
1029467 2008332 40363 0.17
1081020 3019754 -37340 0.6
1029467 2008332 40537 0.17
1055231 2920551 -30876 0.10
1028755 1990194 40711 0.17
1028755 1990194 40885 0.17
1081339 3032213 -37381 0.7
1056235 2924929 -30790 0.11
1028755 1990194 41059 0.17
1055231 2926094 -30796 0.10
1028755 1990194 41233 0.17
1028755 1990194 41407 0.17
1081180 3035097 -37384 0.6
1028755 1990194 41581 0.17
1055088 2929532 -30683 0.10
1028755 1990274 41749 0.17
1081339 3043379 -37401 0.7
1055962 2928075 -30591 0.11
1031051 2048812 41923 0.17
1031051 2048812 42097 0.17
1055088 2933948 -30513 0.10
1028755 1990274 42271 0.17
1081180 3045126 -37314 0.6
1028755 1990274 42445 0.17
1081047 3046931 -37376 0.7
1054916 2932561 -30440 0.10
1028755 1990274 42619 0.17
1055962 2937056 -30438 0.11
1028835 1990354 42786 0.17
1081293 3059438 -37392 0.6
1027864 1969259 43006 0.17
1054767 2933908 -30359 0.10
1027864 1969259 43180 0.17
1081047 3058239 -37408 0.7
1028675 1989954 43354 0.17
1054767 2937189 -30274 0.10
1028675 1989954 43528 0.17
1055768 2939230 -30176 0.11
1028675 1990194 43683 0.17
1080952 3061534 -37328 0.6
1028675 1990194 43857 0.17
1054847 2941591 -30104 0.10
1028675 1990194 44031 0.17
1080779 3061887 -37332 0.7
1029307 2008170 44225 0.17
1056547 2996941 -29959 0.10
1029307 2008170 44399 0.17
1056075 2958347 -29951 0.11
1028595 1990034 44573 0.17
1080952 3072433 -37328 0.6
1028595 1990034 44747 0.17
1055071 2960878 -29892 0.10
1028755 1990194 44908 0.17
1028755 1990194 45082 0.17
1081179 3083545 -37274 0.7
1055071 2964171 -29806 0.10
1028755 1990194 45256 0.17
1056187 2971365 -29682 0.11
1028755 1990194 45430 0.17
1028755 1990194 45604 0.17
1081020 3085404 -37200 0.6
1054991 2968349 -29610 0.10
1028755 1990194 45778 0.17
1028755 1990194 45952 0.17
1081179 3093747 -37216 0.7
1055151 2971803 -29537 0.10
1028755 1990194 46126 0.17
1055962 2969611 -29535 0.11
1028755 1990194 46300 0.17
1028755 1990194 46474 0.17
1081099 3100174 -37199 0.6
1054916 2970552 -29450 0.10
1028755 1990194 46648 0.17
1028755 1990194 46822 0.17
1081020 3099230 -37229 0.7
1054767 2969604 -29365 0.10
1031051 2048729 46996 0.17
1055768 2971885 -29286 0.11
1031051 2048729 47170 0.17
1026075 1925525 47303 0.17
1081259 3110376 -37142 0.6
1054767 2974166 -29208 0.10
1028979 1999583 47477 0.17
1030328 2041639 47710 0.17
1081020 3109013 -37140 0.7
1029063 1998116 47857 0.17
1054767 2979609 -29121 0.10
1027744 1966353 48050 0.17
1055768 2981730 -29029 0.11
1028492 1994848 48229 0.17
1080940 3113833 -37155 0.6
1028412 1994688 48423 0.17
1029183 2001185 48550 0.17
1080779 3114311 -37153 0.7
1054392 2987816 -28719 0.10
1029183 2001105 48737 0.17
1026765 1948763 48929 0.17
1029434 2007500 49082 0.17
1031267 2056135 49189 0.17
1055470 2995394 -28545 0.11
1080680 3122898 -36926 0.6
1029321 2015799 49468 0.17
1054494 2999375 -28524 0.10
1029583 2000783 49599 0.17
1029103 2001105 49782 0.17
1054776 3007472 -28370 0.10
1027800 1967880 49956 0.17
1080952 3133994 -37006 0.7
1030992 2036858 50105 0.17
1029354 2007500 50301 0.17
1027005 1949468 50408 0.17
1056004 3022454 -28260 0.11
1029241 2015880 50681 0.17
1081016 3143146 -36921 0.6
1055629 3017188 -28309 0.10
1028623 1999898 50888 0.17
1029263 2001185 50995 0.17
1030046 2021148 51169 0.17
1055629 3022654 -28225 0.10
1081198 3154605 -36710 0.7
1027455 1970123 51407 0.17
1029514 2007581 51514 0.17
1029801 2016773 51620 0.17
1055701 3026999 -27911 0.11
1028572 1994929 51880 0.17
1081356 3166484 -36744 0.6
1054899 3034935 -27973 0.10
1027984 1983673 52094 0.17
1029801 2016773 52226 0.17
1030592 2036940 52400 0.17
1054940 3040563 -27806 0.10
1081471 3177572 -36637 0.7
1027375 1970043 52632 0.17
1029434 2007500 52739 0.17
1030432 2036613 52872 0.17
1055584 3031492 -27691 0.11
1027375 1970043 53151 0.17
1054873 3045314 -27644 0.10
1081421 3177525 -36588 0.6
1028534 1982663 53238 0.17
1029966 2021066 53432 0.17
1027864 1973109 53578 0.17
1054860 3052491 -27534 0.10
1081765 3193065 -36391 0.7
1029434 2007581 53771 0.17
1028983 1997956 53964 0.17
1026953 1949948 54091 0.17
1056060 3063432 -27354 0.11
1002786 1006930 131116 0.18
1081514 3194611 -36393 0.6
1054194 3019666 -27421 0.10
1002546 1006690 131675 0.18
1055229 3057544 -27318 0.10
1081229 3198800 -36349 0.7
1055928 3072903 -27092 0.11
1055264 3061947 -27068 0.10
1081191 3207452 -36257 0.6
1055988 3091646 -27089 0.10
1055657 3074677 -27058 0.11
1056373 3107412 -27096 0.10
1081149 3210942 -36096 0.7
1055786 3093671 -27027 0.10
1081219 3223749 -36307 0.6
1055396 3073674 -26700 0.11
1054727 3064797 -26668 0.10
1081634 3237987 -36522 0.7
1054366 3067800 -26327 0.10
1081164 3232864 -36529 0.6
1054624 3075396 -26153 0.12
1055731 3079355 -26059 0.11
1054053 3058624 -25979 0.10
1081008 3233436 -36536 0.7
1054471 3077307 -25740 0.12
1054319 3072848 -25653 0.10
1054273 3064766 -25504 0.12
1055959 3085657 -25410 0.11
1081382 3245118 -36296 0.6
1054489 3071115 -25330 0.10
1081019 3246385 -36279 0.7
1053173 3032426 -25156 0.12
1054594 3074186 -25069 0.10
1055378 3099350 -24869 0.12
1080764 3247548 -36039 0.6
1054923 3057578 -24775 0.11
1054446 3072118 -24621 0.10
1081319 3257858 -35976 0.7
1055378 3099512 -24534 0.12
1054446 3072118 -24360 0.10
1053093 3032347 -24273 0.12
1081072 3254053 -35814 0.6
1055245 3067124 -24179 0.11
1054491 3073513 -24018 0.10
1079662 3221291 -35732 0.7
1053093 3032426 -23931 0.12
1053967 3058125 -23757 0.10
1080537 3247182 -35637 0.6
1054842 3084953 -23760 0.12
1054968 3060246 -23666 0.11
1079764 3230294 -35561 0.7
1053411 3042886 -23499 0.10
1054842 3084953 -23412 0.12
1053967 3059405 -23251 0.10
1080220 3243884 -35393 0.6
1054033 3065488 -23105 0.12
1054487 3050496 -23011 0.11
1080934 3263992 -35317 0.7
1053845 3028143 -22933 0.10
1055153 3066611 -22846 0.12
1055474 3076117 -22679 0.10
1080220 3249577 -35238 0.6
1054053 3034331 -22592 0.12
1056560 3077445 -22523 0.11
1079979 3245731 -35150 0.7
1055554 3076439 -22356 0.10
1054133 3034649 -22269 0.12
1055564 3078841 -22069 0.12
1079915 3249878 -34929 0.6
1055406 3074209 -21982 0.10
1056205 3069211 -21888 0.11
1080542 3240840 -34930 0.7
1055644 3079002 -21734 0.12
1055486 3075495 -21737 0.10
1055882 3087133 -21563 0.12
1081115 3255645 -34780 0.6
1055221 3068746 -21559 0.10
1056285 3071538 -21465 0.11
1081958 3280675 -34666 0.7
1055882 3088262 -21304 0.12
1054531 3046229 -21224 0.10
1054213 3037109 -21069 0.12
1081262 3265664 -34510 0.6
1055087 3062847 -20982 0.10
1056168 3063928 -20894 0.11
1081363 3269631 -34524 0.7
1056042 3089796 -20817 0.12
1055724 3080433 -20730 0.10
1055233 3070140 -20497 0.12
1080886 3261029 -34445 0.6
1056132 3068349 -20422 0.11
1053925 3031865 -20342 0.10
1081099 3266781 -34376 0.7
1055313 3070461 -20175 0.12
1055634 3079899 -20088 0.10
1056042 3089634 -19920 0.12
1081772 3283991 -34214 0.6
1057231 3095907 -19826 0.11
1055274 3067030 -19746 0.10
1081702 3289007 -34156 0.7
1054769 3054206 -19539 0.12
1054769 3054206 -19452 0.10
1054769 3054286 -19285 0.12
1081195 3276871 -34019 0.6
1056365 3072742 -19191 0.11
1054769 3054286 -19111 0.10
1081782 3293834 -33931 0.7
1054213 3037902 -18937 0.12
1055672 3080868 -18850 0.10
1055962 3089392 -18676 0.12
1081422 3286686 -33730 0.6
1056365 3072742 -18582 0.11
1055644 3081318 -18604 0.10
1081443 3289612 -33661 0.7
1055962 3090684 -18430 0.12
1056311 3100986 -18343 0.10
1055962 3090684 -18169 0.12
1081422 3291340 -33492 0.6
1056168 3067049 -18165 0.11
1055724 3082445 -18085 0.10
1080356 3266576 -33404 0.7
1055233 3072226 -17858 0.12
1055519 3080650 -17771 0.10
1055233 3073429 -17693 0.12
1081692 3303770 -33331 0.6
1055687 3058714 -17625 0.11
1055554 3082956 -17526 0.10
1081099 3291032 -33249 0.7
1056042 3092782 -17365 0.12
1003090 1006933 143508 0.18
1054849 3057956 -17303 0.10
1054769 3057956 -17122 0.12
1081838 3314566 -33111 0.6
1056043 3066618 -16996 0.11
1054769 3057876 -16942 0.10
1081702 3314512 -33119 0.7
1055233 3073750 -16748 0.12
1055233 3073429 -16635 0.10
1054689 3057398 -16461 0.12
1081275 3302501 -33001 0.6
1056560 3084445 -16412 0.11
1054759 3059701 -16307 0.10
1081044 3300426 -32874 0.7
1054133 3041156 -16126 0.12
1055391 3078725 -16078 0.10
1055882 3093266 -15910 0.12
1080702 3293981 -32705 0.6
1056285 3076112 -15778 0.11
1055564 3083893 -15736 0.10
1081702 3323845 -32629 0.7
1055962 3093347 -15568 0.12
1055087 3067169 -15449 0.10
1081702 3326339 -32480 0.6
1054376 3051463 -15219 0.12
1056036 3072518 -15176 0.11
1055241 3077053 -15052 0.10
1081363 3319465 -32360 0.7
1054930 3066584 -14954 0.12
1054739 3063058 -14840 0.10
1056183 3105654 -14753 0.12
1081443 3321712 -32191 0.6
1056544 3088753 -14662 0.11
1054739 3064176 -14582 0.10
1057223 3107679 -14559 0.12
1081073 3319805 -32104 0.7
1057378 3113384 -14474 0.10
1055649 3062424 -14394 0.12
1081051 3321566 -31942 0.6
1056923 3070539 -14136 0.11
1057378 3112491 -14056 0.10
1055093 3045045 -13969 0.12
1081187 3327294 -31759 0.7
1056286 3080244 -13795 0.10
1056842 3096656 -13708 0.12
1057245 3079964 -13527 0.11
1081883 3322672 -31737 0.6
1054371 3053394 -13364 0.10
1055802 3095607 -13277 0.12
1082429 3339123 -31674 0.7
1054927 3069810 -13103 0.10
1054133 3044093 -13022 0.12
1056008 3070891 -12841 0.11
1082271 3336286 -31422 0.6
1055564 3086307 -12761 0.10
1056193 3079364 -12884 0.12
1082323 3339768 -31334 0.7
1056479 3087809 -12710 0.10
1055233 3078402 -12546 0.12
1055687 3063422 -12372 0.11
1081231 3339656 -31082 0.6
1055554 3087945 -12292 0.10
1054133 3045998 -12205 0.12
1081019 3334412 -31000 0.7
1055554 3087945 -12031 0.10
1055882 3098755 -12033 0.12
1056751 3097770 -11826 0.11
1082075 3341828 -31035 0.6
1055564 3091484 -11746 0.12
1055799 3066488 -11662 0.10
1081702 3358120 -30870 0.7
1059383 3112863 -11721 0.12
1057576 3059583 -11647 0.10
1059680 3093134 -11472 0.11
1081115 3345433 -30714 0.6
1059538 3117440 -11373 0.12
1058212 3078470 -11305 0.10
1081702 3363832 -30715 0.7
1057253 3050204 -11138 0.12
1059227 3108335 -11032 0.10
1081656 3366632 -30601 0.6
1058365 3083896 -10767 0.11
1056213 3049093 -10700 0.12
1057644 3091296 -10607 0.10
1084822 3371234 -30681 0.7
1057962 3100692 -10433 0.12
1057087 3075013 -10359 0.10
1059405 3085180 -10254 0.11
1084822 3373407 -30506 0.6
1058273 3082252 -10128 0.12
1057677 3064709 -9961 0.10
1083742 3347921 -30437 0.7
1057573 3064088 -9866 0.12
1059393 3084098 -9740 0.11
1057793 3068282 -9699 0.10
1082913 3354484 -30178 0.6
1058193 3082412 -9518 0.12
1059034 3099920 -9412 0.10
1083099 3361464 -30090 0.7
1059162 3101418 -9244 0.12
1058996 3075364 -9176 0.11
1059049 3098166 -9077 0.10
1084623 3379168 -30065 0.6
1059242 3101579 -8909 0.12
1058127 3075493 -8803 0.10
1057729 3065856 -8603 0.12
1084983 3385943 -29744 0.7
1059565 3084619 -8528 0.11
1058846 3089727 -8367 0.10
1083370 3350965 -29694 0.6
1057809 3065935 -8261 0.12
1058686 3089566 -8094 0.10
1059322 3101499 -8026 0.12
1083824 3365049 -29532 0.7
1059485 3084538 -7913 0.11
1058089 3071925 -7746 0.10
1084442 3376854 -29431 0.6
1058753 3082092 -7645 0.12
1058084 3062316 -7471 0.10
1083924 3369408 -29310 0.7
1058273 3081610 -7345 0.12
1059207 3067012 -7290 0.11
1084983 3393139 -29247 0.6
1058752 3079778 -7129 0.10
1059002 3100853 -7004 0.12
1058889 3097521 -6830 0.10
1085414 3404520 -29078 0.7
1057253 3049172 -6743 0.12
1059680 3092169 -6649 0.11
1084776 3399789 -28919 0.6
1059002 3100853 -6482 0.10
1057253 3049172 -6395 0.12
1057729 3065217 -6182 0.10
1084822 3401164 -28750 0.7
1059458 3116304 -6095 0.12
1059325 3083736 -6001 0.11
1084100 3384698 -28674 0.6
1057729 3065217 -5834 0.10
1058193 3081049 -5720 0.12
1056591 3033691 -5546 0.12
1083742 3377524 -28499 0.7
1059092 3079007 -5452 0.11
1059191 3110541 -5285 0.12
1084235 3392529 -28411 0.6
1059191 3110541 -5111 0.12
1059878 3102021 -5017 0.11
1084403 3400917 -28210 0.7
1059191 3110541 -4850 0.12
1058121 3085402 -4803 0.12
1084662 3411704 -28095 0.6
1059577 3099657 -4709 0.11
1058121 3085402 -4542 0.12
1084133 3400053 -28007 0.7
1059031 3112323 -4368 0.12
1084775 3418984 -28006 0.6
1058360 3064029 -4274 0.11
1056583 3039943 -4107 0.12
1083725 3393802 -27924 0.7
1058009 3082088 -3933 0.10
1084044 3404301 -27923 0.6
1057807 3076133 -3846 0.12
1058246 3060678 -3752 0.11
1084771 3431379 -27955 0.7
1057807 3076133 -3585 0.12
1084211 3418877 -27954 0.6
1056583 3039943 -3411 0.12
1059370 3093589 -3317 0.11
1084771 3435733 -27866 0.7
1005773 1008947 158213 0.19
1059031 3112323 -3150 0.12
1084299 3425759 -27884 0.6
1059031 3112323 -2976 0.12
1058808 3077134 -2882 0.11
1056583 3039943 -2715 0.12
1084515 3433593 -27708 0.7
1056583 3039943 -2541 0.12
1083915 3420002 -27707 0.6
1058808 3077134 -2447 0.11
1059031 3112323 -2280 0.12
1083124 3401444 -27625 0.7
1059614 3133940 -2074 0.12
1083819 3421892 -27624 0.6
1059035 3088164 -1980 0.11
1057204 3062714 -1813 0.12
1083819 3424053 -27536 0.7
1056423 3039627 -1639 0.12
1083819 3426374 -27548 0.6
1059035 3088164 -1545 0.11
1058871 3111999 -1378 0.12
1083819 3428535 -27459 0.7
1058871 3111999 -1204 0.12
1083309 3417242 -27458 0.6
1059210 3093267 -1023 0.11
1084139 3447529 -27523 0.7
1057647 3075813 -856 0.12
1084139 3449698 -27522 0.6
1057647 3075813 -682 0.12
1058086 3060360 -588 0.11
1084139 3451867 -27434 0.7
1058921 3085563 -445 0.12
1084139 3454036 -27432 0.6
1058921 3085563 -271 0.12
1059160 3064188 -177 0.11
1082964 3424053 -27174 0.7
1058607 3076293 77 0.12
1083845 3448492 -27090 0.6
1058209 3066653 364 0.12
1059866 3093433 517 0.11
1084355 3463043 -26912 0.7
1084902 3452424 -26749 0.7
1059178 3097408 735 0.12
1085805 3476338 -26488 0.6
1059150 3096575 993 0.12
1060025 3097932 1140 0.11
1085805 3476338 -26227 0.7
1059070 3096334 1365 0.12
1060816 3147939 1623 0.12
1084189 3456461 -25777 0.6
1059917 3096858 1769 0.11
1085062 3481461 -25493 0.7
1060286 3132441 1955 0.12
1058990 3096253 2239 0.12
1084555 3468011 -25148 0.6
1060718 3122421 2398 0.11
1084272 3462394 -24864 0.7
1058990 3096253 2584 0.12
1058910 3096011 2868 0.12
1084607 3471267 -24519 0.6
1060638 3122177 3027 0.11
1084115 3458259 -24261 0.7
1059447 3111739 3233 0.12
1059367 3111496 3517 0.12
1084377 3467069 -23890 0.6
1059757 3096374 3637 0.11
1085133 3487077 -23632 0.7
1058830 3095609 3862 0.12
1058360 3079432 4114 0.12
1084377 3466908 -23267 0.6
1059677 3096132 4267 0.11
1086009 3485268 -23040 0.7
1058830 3095447 4485 0.12
1058830 3095447 4743 0.12
1085929 3485025 -22669 0.6
1059597 3095891 4896 0.11
1059207 3110848 5140 0.12
1059653 3126132 5425 0.12
1083875 3461804 -22187 0.7
1059710 3103396 5551 0.11
1058803 3105417 5631 0.13
1057578 3069242 5718 0.12
1085397 3476591 -22082 0.6
1058846 3102309 5944 0.13
1057524 3063230 6031 0.12
1059371 3095585 6183 0.11
1057837 3079015 6263 0.13
1057837 3079015 6350 0.12
1085387 3484313 -21586 0.7
1057132 3068760 6463 0.13
1059020 3124556 6550 0.12
1059793 3086768 6554 0.11
1084974 3482092 -21149 0.6
1059964 3105648 6814 0.13
1060364 3119594 6928 0.12
1059742 3103319 7041 0.13
1057899 3048875 7128 0.12
1060224 3090985 7335 0.11
1084816 3481956 -20690 0.7
1058252 3069879 7327 0.13
1057645 3051942 7414 0.12
1060044 3105729 7675 0.13
1084962 3468063 -20589 0.6
1060364 3119594 7795 0.12
1060645 3103319 7941 0.11
1058405 3065946 8021 0.13
1060225 3119734 8108 0.12
1085364 3471288 -20181 0.7
1058764 3087135 8220 0.13
1058172 3069639 8307 0.12
1060351 3105217 8401 0.11
1085280 3479886 -19991 0.6
1059964 3105487 8655 0.13
1058732 3073478 8775 0.12
1057819 3048637 8888 0.13
1059662 3103077 8975 0.12
1059947 3082886 9156 0.11
1084992 3466660 -19470 0.7
1058172 3069639 9174 0.13
1059477 3108216 9261 0.12
1059964 3103304 9695 0.13
1085151 3481642 -19273 0.6
1058812 3070278 9898 0.12
1059537 3066565 10108 0.11
1059662 3097583 10277 0.13
1057819 3042128 10454 0.12
1084992 3469949 -18865 0.7
1058172 3059893 10822 0.13
1059477 3097215 10999 0.12
1059421 3065967 11182 0.11
1084723 3471535 -18509 0.6
1058812 3059396 11635 0.13
1060364 3104003 11805 0.12
1060145 3102922 12041 0.13
1058325 3048306 12217 0.12
1060144 3071034 12571 0.11
1085493 3478295 -17515 0.7
1059980 3103083 12762 0.13
1058092 3046552 12939 0.12
1058315 3034053 13366 0.13
1084951 3468856 -16857 0.6
1060284 3092635 13575 0.12
1059908 3058621 13811 0.11
1058245 3037211 13981 0.13
1060065 3089358 14158 0.12
1085640 3476347 -16007 0.7
1059102 3070439 14559 0.13
1058524 3052508 14729 0.12
1059762 3059143 14912 0.11
1085137 3467849 -15343 0.6
1059804 3067656 15306 0.13
1058235 3020835 15477 0.12
1059422 3062764 15745 0.13
1057579 3007920 15921 0.12
1060499 3063452 16105 0.11
1085060 3454006 -14323 0.7
1057179 3004508 16492 0.13
1059022 3057029 16669 0.12
1059314 3042406 17044 0.13
1084887 3458225 -13799 0.6
1059724 3055289 17247 0.12
1060223 3044567 17483 0.11
1058924 3033949 17652 0.13
1058924 3032824 17829 0.12
1057179 2993634 18236 0.13
1084611 3435167 -12639 0.7
1058444 3029289 18406 0.12
1058939 3014542 18590 0.11
1084084 3431113 -12285 0.6
1059314 3030337 18958 0.13
1059724 3043244 19154 0.12
1060296 3072235 19391 0.13
1058497 3019120 19562 0.12
1059902 3030506 19745 0.11
1084832 3431365 -11170 0.7
1060614 3062346 20198 0.13
1058324 2995038 20375 0.12
1058222 2989955 20721 0.13
1084701 3438702 -10640 0.6
1058653 3003347 20924 0.12
1060809 3038339 21128 0.11
1057405 2976731 21299 0.13
1059317 3030723 21476 0.12
1060081 3035906 21935 0.13
1084967 3434639 -9504 0.7
1059535 3019065 22112 0.12
1060118 3006880 22289 0.11
1085989 3447406 -9079 0.6
1059841 3024534 22635 0.13
1058653 2990295 22921 0.12
1057485 2962753 23292 0.13
1059397 3015354 23559 0.12
1059046 2975499 23825 0.11
1084967 3426911 -8022 0.7
1058324 2965767 24457 0.13
1059535 2998247 24717 0.12
1058653 2970677 25269 0.13
1085086 3414956 -7427 0.6
1058653 2968515 25529 0.12
1059658 2971410 25855 0.11
1059900 3009705 26193 0.13
1058012 2953804 26452 0.12
1085093 3412909 -5859 0.7
1060001 2993648 27098 0.13
1060001 2991458 27358 0.12
1060303 2970284 27624 0.11
1085334 3403924 -5165 0.6
1058222 2932267 28137 0.13
1058653 2944334 28423 0.12
1059397 2971188 28794 0.13
1057485 2914943 29060 0.12
1059982 2955822 29327 0.11
1085240 3399796 -3474 0.7
1057921 2967288 30132 0.13
1056335 2948704 30475 0.12
1053213 2919271 31206 0.13
1085191 3381232 -2527 0.6
1052173 2916068 31549 0.12
1052058 2917758 31964 0.11
1049292 2901398 32392 0.13
1048172 2898123 32741 0.12
1084592 3360292 -876 0.7
1045204 2884973 33643 0.13
1045841 2930546 33992 0.12
1044257 2885462 34342 0.11
1081217 3365145 164 0.6
1040782 2869162 35034 0.13
1041695 2924100 35409 0.12
1040220 2920639 35903 0.13
1037212 2865210 36252 0.12
1038271 2895173 36608 0.11
1073632 3330372 2386 0.7
1035820 2907300 37300 0.13
1032205 2835443 37650 0.12
1029973 2827032 38342 0.13
1030682 2871639 38691 0.12
1069021 3328925 3768 0.6
1030051 2855273 39048 0.11
1025653 2814095 39733 0.13
1026282 2858402 40089 0.12
1024122 2851865 40781 0.13
1061780 3303094 5983 0.7
1021253 2801080 41131 0.12
1022088 2822537 41487 0.11
1058356 3290697 6942 0.6
1019722 2838628 42179 0.13
1016933 2788143 42522 0.12
1016442 2828701 43227 0.13
1054222 3285331 8250 0.8
1015402 2825473 43570 0.12
1015291 2823173 43927 0.11
1050379 3262368 9215 0.7
1012122 2815546 44618 0.13
1011002 2812236 44968 0.12
1008033 2787799 45719 0.13
1045902 3246522 10517 0.6
1006913 2784510 46068 0.12
1007200 2790776 46425 0.11
1043289 3254344 11482 0.8
1003633 2774644 47117 0.13
1002593 2771436 47460 0.12
999253 2735604 48165 0.13
1038744 3236764 12783 0.7
999962 2778742 48508 0.12
998647 2744891 48864 0.11
1035485 3228631 13735 0.6
994933 2722668 49556 0.13
995562 2765506 49905 0.12
993402 2758888 50604 0.13
1030635 3210792 14949 0.8
990533 2709652 50954 0.12
991368 2730414 51304 0.11
1028078 3219851 15907 0.7
989082 2745732 51995 0.13
986213 2696716 52345 0.12
984053 2690287 53037 0.13
1023120 3192226 17209 0.6
984682 2732496 53393 0.12
983688 2707444 53749 0.11
1019755 3181397 18167 0.8
979653 2677272 54435 0.13
980362 2719340 54784 0.12
978122 2712722 55483 0.13
1015355 3169382 19475 0.7
975333 2664335 55826 0.12
976088 2684553 56189 0.11
1012209 3163822 20440 0.6
973802 2699566 56874 0.13
972682 2696257 57224 0.12
970522 2689639 57922 0.13
1008024 3155139 21742 0.8
969402 2686330 58272 0.12
969371 2684110 58622 0.11
1004015 3128813 22701 0.7
966122 2676403 59320 0.13
963333 2628621 59663 0.12
961173 2622113 60362 0.13
1000572 3139751 24015 0.6
961802 2663247 60711 0.12
960808 2638772 61068 0.11
997144 3125603 24967 0.8
956773 2609098 61759 0.13
957402 2650011 62109 0.12
955242 2643473 62801 0.13
992744 3113563 26275 0.7
952453 2596161 63151 0.12
953208 2615882 63507 0.11
989346 3102017 27234 0.6
950922 2630318 64192 0.13
948053 2583146 64548 0.12
945893 2576717 65241 0.13
985144 3092856 28535 0.8
946522 2617081 65590 0.12
945608 2592991 65946 0.11
981864 3084027 29500 0.7
941493 2563701 66638 0.13
942202 2603926 66981 0.12
940418 2610265 67713 0.13
977099 3063407 30808 0.6
937649 2564282 68056 0.12
938125 2576567 68418 0.11
974184 3063240 31767 0.8
936098 2597042 69104 0.13
933249 2551196 69453 0.12
930533 2531003 70152 0.13
969864 3051201 33075 0.7
931162 2570593 70501 0.12
930525 2553697 70851 0.11
965972 3028197 34034 0.6
926133 2517988 71550 0.13
926842 2557437 71893 0.12
924682 2550819 72591 0.13
961606 3018447 35381 0.8
921813 2505051 72941 0.12
922568 2523999 73297 0.11
959132 3026626 36333 0.7
920282 2537582 73989 0.13
919162 2534273 74338 0.12
917002 2527736 75031 0.13
954732 3014566 37641 0.6
915962 2524427 75380 0.12
915851 2522127 75737 0.11
950726 2989104 38599 0.8
912682 2514580 76422 0.13
909813 2469337 76778 0.12
907653 2462909 77470 0.13
946406 2977190 39901 0.7
908282 2501344 77820 0.12
907368 2478218 78176 0.11
943852 2985059 40860 0.6
903253 2449893 78868 0.13
903962 2488188 79211 0.12
900449 2453051 79942 0.13
939224 2967729 42174 0.8
900554 2454303 80292 0.11
898663 2480068 81017 0.13
935944 2958981 43133 0.7
897214 2490108 81715 0.13
895274 2445044 82072 0.11
931495 2944025 44441 0.6
890743 2405521 82757 0.13
888583 2399035 83456 0.13
928344 2938193 45399 0.8
890075 2434261 83812 0.11
887751 2446195 84504 0.13
924860 2926351 46390 0.7
885591 2439635 85197 0.13
922513 2918169 47032 0.8
884248 2408987 85553 0.11
879863 2373171 86245 0.13
919233 2909436 47991 0.7
877703 2366764 86937 0.13
917093 2904360 48606 0.6
878808 2392579 87300 0.11
876871 2413156 87985 0.13
913813 2895706 49559 0.8
874711 2406515 88684 0.13
911820 2895652 50174 0.7
874604 2404207 89041 0.11
871431 2396636 89726 0.13
908449 2883119 51133 0.6
869191 2389915 90431 0.13
906489 2883865 51742 0.8
867928 2359924 90781 0.11
863543 2324686 91473 0.13
903209 2875026 52707 0.7
861303 2318200 92172 0.13
900982 2868156 53310 0.6
862488 2343597 92522 0.11
860471 2363435 93220 0.13
897769 2860884 54268 0.8
858311 2356876 93912 0.13
895609 2855340 54884 0.7
857048 2327189 94269 0.11
852583 2292336 94961 0.13
892152 2841671 55926 0.6
850423 2285850 95659 0.13
890169 2838949 56625 0.8
851528 2310781 96016 0.11
850254 2346500 96734 0.13
885869 2806964 57673 0.7
848094 2339894 97426 0.13
884219 2811532 58365 0.6
846395 2302677 97783 0.11
841623 2259749 98474 0.13
881449 2812674 59413 0.8
839463 2253342 99167 0.13
879289 2806166 60106 0.7
840955 2286209 99530 0.11
838631 2297033 100215 0.13
875167 2778236 61154 0.6
836471 2290392 100914 0.13
872993 2774410 61892 0.8
835128 2261479 101270 0.11
830743 2227478 101956 0.13
870807 2786259 62934 0.7
828503 2220913 102661 0.13
868567 2779654 63632 0.6
829688 2245151 103011 0.11
827751 2263912 103703 0.13
864273 2748276 64681 0.8
825511 2257272 104401 0.13
862113 2741802 65373 0.7
824777 2244493 104817 0.11
820885 2200853 105153 0.13
859847 2753315 66421 0.6
818725 2194358 105851 0.13
857369 2740037 67120 0.8
818120 2202436 106557 0.11
817751 2233626 106893 0.13
853069 2708904 68162 0.7
815511 2226905 107598 0.13
851343 2711423 68861 0.6
813128 2195528 108298 0.11
812311 2217026 108640 0.13
810071 2210386 109339 0.13
847458 2711662 70323 0.8
808924 2204758 110045 0.11
845298 2705069 71022 0.7
804343 2149253 110387 0.13
802183 2142846 111080 0.13
841640 2687387 72070 0.6
802248 2162793 111785 0.11
839858 2688666 72763 0.8
801351 2183906 112128 0.13
799191 2177265 112827 0.13
836578 2678777 73811 0.7
796808 2146466 113526 0.11
833884 2661349 74503 0.6
793463 2116982 113868 0.13
791303 2110496 114567 0.13
831049 2660570 75552 0.8
791368 2130138 115267 0.11
828889 2653982 76250 0.7
790471 2150786 115615 0.13
788311 2144226 116308 0.13
825164 2635164 77292 0.6
785928 2113731 117014 0.11
822349 2616904 77997 0.8
782583 2084632 117356 0.13
780423 2078225 118048 0.13
820169 2627707 79039 0.7
781644 2121998 118761 0.11
818115 2624841 79738 0.6
779591 2117746 119097 0.13
777431 2111106 119795 0.13
813629 2590835 80786 0.8
775275 2088432 120527 0.11
811469 2584377 81479 0.7
772404 2067631 120870 0.13
770164 2061096 121569 0.13
809032 2591318 82527 0.6
768609 2047871 122274 0.11
807049 2588255 83226 0.8
768551 2084302 122617 0.13
766391 2077743 123309 0.13
803769 2578452 84267 0.7
764008 2048021 124015 0.11
801795 2575516 84966 0.6
760663 2019695 124357 0.13
758503 2013209 125056 0.13
798567 2567897 86047 0.8
759804 2055595 125756 0.11
796407 2561373 86739 0.7
757671 2051263 126098 0.13
755511 2044623 126797 0.13
792113 2531687 87788 0.6
753128 2015366 127496 0.11
789953 2525134 88486 0.8
752231 2034663 127845 0.13
749001 2009999 128596 0.13
786673 2515383 89528 0.7
748746 2005077 128953 0.11
784433 2508750 90233 0.6
745721 2000205 129638 0.13
744391 2010936 130343 0.13
781929 2512404 91275 0.8
743306 1988722 130693 0.11
779689 2505815 91974 0.7
738743 1954520 131385 0.13
736503 1948035 132084 0.13
776026 2488610 93022 0.6
737688 1969024 132434 0.11
735671 1984456 133132 0.13
773058 2487091 94136 0.8
733511 1977897 133824 0.13
770433 2471667 94834 0.7
732248 1952617 134181 0.11
727783 1922170 134873 0.13
768205 2481783 95876 0.6
725623 1915685 135571 0.13
764993 2455323 96575 0.8
726728 1936209 135928 0.11
724791 1951417 136613 0.13
761231 2436421 97623 0.7
722631 1944777 137312 0.13
759740 2442487 98316 0.6
721288 1919882 137668 0.11
716903 1889820 138360 0.13
756649 2436151 99364 0.8
717191 1928257 139053 0.13
754489 2429642 100056 0.7
715848 1903554 139409 0.11
713911 1918297 140101 0.13
750764 2411510 101104 0.6
709303 1867278 140793 0.13
748029 2394318 101803 0.8
711644 1909348 141156 0.11
708471 1901777 141841 0.13
745769 2403368 102845 0.7
706311 1895137 142540 0.13
743019 2387337 103550 0.6
704968 1870819 142897 0.11
700583 1841414 143582 0.13
740329 2386896 104592 0.8
699044 1848547 144313 0.13
738089 2380307 105291 0.7
698609 1839451 144663 0.11
698174 1881505 145362 0.13
734632 2367203 106339 0.6
695271 1861774 146054 0.13
732649 2363916 107031 0.8
694395 1844624 146410 0.11
689543 1808748 147102 0.13
729369 2354033 108080 0.7
687383 1802262 147801 0.13
727395 2350778 108778 0.6
689724 1842865 148157 0.11
686551 1835294 148843 0.13
723153 2324689 109866 0.8
684391 1828654 149542 0.13
720993 2318216 110558 0.7
683048 1805109 149898 0.11
678663 1776398 150590 0.13
718727 2326419 111606 0.6
676503 1769991 151282 0.13
716567 2319895 112299 0.8
677608 1788782 151639 0.11
674601 1786104 152383 0.13
712273 2292081 113347 0.7
672361 1779441 153088 0.13
710113 2285528 114046 0.6
672777 1784863 153438 0.11
670071 1785087 154130 0.13
707529 2287984 115087 0.8
667831 1778447 154829 0.13
705289 2281315 115793 0.7
666120 1748090 155179 0.11
587455 589260 244411 0.18
662103 1727359 155877 0.13
701706 2264849 116834 0.6
659943 1720952 156569 0.13
699313 2258791 117515 0.8
661128 1739159 156926 0.11
659111 1751967 157618 0.13
696033 2249017 118557 0.7
656951 1745327 158316 0.13
694022 2245014 119256 0.6
656844 1743019 158673 0.11
653671 1735447 159358 0.13
690593 2232592 120304 0.8
651511 1728807 160057 0.13
611346 1138455 203934 0.14
688433 2226103 120996 0.7
650168 1706424 160413 0.11
645783 1678874 161105 0.13
684833 2210801 122045 0.6
643623 1672467 161797 0.13
682349 2198837 122737 0.8
644728 1690096 162154 0.11
641044 1675208 162866 0.13
680089 2206268 123785 0.7
677740 2196489 124484 0.6
638844 1685012 163734 0.13
637371 1675469 164351 0.11
674649 2189876 125526 0.8
634682 1676656 165049 0.13
672409 2183207 126231 0.7
632204 1666169 165761 0.13
631074 1647955 166111 0.11
669080 2173679 127299 0.6
627844 1639265 166803 0.13
667207 2171932 127991 0.8
624903 1620422 167502 0.13
626395 1643473 167858 0.11
624734 1660425 168576 0.13
660775 2142348 129476 0.7
582702 1080981 210800 0.14
622574 1653820 169268 0.13
659100 2145085 130182 0.6
618367 1616582 169967 0.13
655537 2130587 131230 0.8
578298 1072088 211852 0.14
616207 1610019 170666 0.13
653377 2124098 131922 0.7
611916 1571682 171385 0.13
609756 1565327 172077 0.13
650060 2113636 132971 0.6
610436 1604501 172802 0.13
647777 2107275 133708 0.8
646182 2109827 134407 0.7
608174 1611169 173761 0.13
643683 2097847 135100 0.6
566184 1048295 214769 0.14
602927 1572562 174719 0.13
640964 2082388 135792 0.8
600244 1559091 175444 0.13
639013 2081492 136517 0.7
599476 1573487 176137 0.13
637495 2085147 137216 0.6
597156 1566541 176868 0.13
633493 2066026 138194 0.8
594996 1559918 177567 0.13
631333 2059536 138887 0.7
589543 1519022 178525 0.13
628213 2053316 139845 0.6
626598 2057409 140583 0.8
624102 2045542 141282 0.7
621360 2030797 142013 0.8
619200 2024225 142712 0.7
615920 2015489 143671 0.6
613581 1993364 144020 0.8
613189 2001341 144369 0.7
536321 986358 221888 0.14
612602 2005039 144719 0.6
612189 2012627 145068 0.8
610299 1996357 145411 0.7
609451 1997159 145767 0.6
608059 1989714 146116 0.8
607019 1986512 146459 0.7
605049 1970269 146809 0.6
529732 970808 223630 0.14
604779 1979949 147158 0.8
606289 2015426 147508 0.7
603469 1986284 147857 0.6
604129 2007755 148283 0.8
600459 1964662 148729 0.7
600189 1973153 149161 0.6
523372 960214 225195 0.14
599015 1967659 149626 0.8
595378 1925397 150072 0.7
596775 1958801 150504 0.6
593218 1916867 150937 0.8
594615 1950024 151376 0.7
590978 1908259 151809 0.6
591659 1929446 152248 0.8
590539 1925044 152687 0.7
590327 1933031 153113 0.6
587382 1917594 153890 0.8
586422 1913423 154309 0.7
583667 1885065 154748 0.6
585302 1905643 155104 0.8
584182 1901311 155537 0.7
583013 1895106 155969 0.6
581712 1902077 156675 0.8
578486 1866169 157101 0.7
579142 1887444 157540 0.6
578512 1889002 157972 0.8
577392 1884563 158411 0.7
574835 1872254 159110 0.6
574112 1873506 159549 0.8
572992 1869148 159982 0.7
571555 1859058 160421 0.6
568646 1829424 160847 0.8
495735 900363 232317 0.14
569792 1855992 161286 0.7
567579 1836123 161725 0.6
564658 1807246 162190 0.8
566135 1838253 162629 0.7
562498 1798559 163068 0.6
563895 1829476 163501 0.8
560338 1789950 163940 0.7
561735 1820618 164379 0.6
559819 1805229 164811 0.8
558779 1800827 165250 0.7
558487 1808023 165677 0.6
483710 876778 235214 0.14
556586 1779993 166098 0.8
559069 1810821 166453 0.7
553298 1728255 166803 0.6
557949 1803126 167235 0.8
554426 1764734 167674 0.7
480315 867490 236367 0.14
555015 1783818 168101 0.6
555649 1803169 168546 0.8
552059 1764170 168979 0.7
437857 439172 268845 0.18
551735 1770611 169411 0.6
549899 1755446 169850 0.8
435611 436878 269198 0.18
551329 1785378 170289 0.7
548149 1765085 170982 0.6
544406 1725536 171421 0.8
545472 1750424 171853 0.7
543339 1731435 172292 0.6
543312 1741627 172725 0.8
540086 1708314 173157 0.7
540059 1718309 173603 0.6
539655 1724148 174068 0.8
536098 1686726 174501 0.7
537495 1715290 174946 0.6
535782 1702951 175575 0.8
534742 1698619 176008 0.7
533622 1694208 176447 0.6
532942 1682179 176790 0.8
531778 1688507 177488 0.7
530177 1677889 177927 0.6
529062 1674877 178438 0.8
528022 1670626 178864 0.7
527259 1670703 179310 0.6
525782 1661883 179736 0.8
526029 1673845 180175 0.7
523284 1648773 180614 0.6
445185 799092 244624 0.14
522219 1645156 181046 0.8
521179 1640754 181485 0.7
520213 1638285 181924 0.6
519019 1632110 182351 0.8
517899 1627627 182796 0.7
515249 1604287 183222 0.8
514619 1617863 183838 0.7
512459 1612421 184447 0.8
511339 1608099 184880 0.7
510299 1603696 185319 0.8
510709 1618110 185758 0.7
511885 1641883 186190 0.8
509569 1621758 186629 0.8
505899 1586329 187055 0.8
504779 1581846 187501 0.8
503739 1577524 187933 0.8
502619 1573202 188366 0.8
496389 1507898 188831 0.8
502704 1592198 189264 0.8
499259 1559916 189696 0.8
498219 1555514 190135 0.8
498529 1579405 190828 0.8
492389 1514342 191267 0.8
493819 1540307 191699 0.8
492699 1535905 192138 0.8
487989 1497237 193010 0.8
489485 1531892 193921 0.8
489490 1548904 194815 0.8
487261 1540072 195684 0.8
481207 1487052 196585 0.8
479047 1478433 197447 0.8
479541 1499734 198322 0.8
478461 1503677 199217 0.8
476301 1494805 200079 0.8
473981 1485521 200981 0.8
471821 1476566 201849 0.8
465767 1425281 202757 0.8
463607 1416662 203619 0.8
464261 1437025 204468 0.8
464221 1441486 205280 0.8
462061 1432614 206142 0.8
456007 1382664 207043 0.8
453847 1373885 207918 0.8
454888 1392478 208345 0.9
453190 1381095 208784 0.8
452728 1383634 209216 0.9
449819 1360465 209655 0.8
448779 1356063 210094 0.9
447659 1351741 210527 0.8
446539 1347339 210966 0.9
445499 1342937 211405 0.8
444379 1338695 211831 0.9
447165 1373537 212270 0.8
442219 1329971 212703 0.9
444925 1364556 213142 0.8
440059 1321167 213581 0.9
438939 1316845 214013 0.8
437819 1312443 214452 0.9
436779 1308041 214891 0.8
435659 1303799 215317 0.9
434619 1299397 215756 0.8
433499 1295075 216189 0.9
432379 1290673 216628 0.8
431339 1286271 217067 0.9
430219 1281949 217500 0.8
429099 1277547 217939 0.9
428059 1273145 218378 0.8
426939 1268903 218804 0.9
425899 1264501 219243 0.8
424779 1260179 219675 0.9
423659 1255777 220114 0.8
422619 1251375 220553 0.9
421499 1247053 220986 0.8
420379 1242651 221425 0.9
419339 1238249 221864 0.8
418219 1234007 222290 0.9
417179 1229605 222729 0.8
416059 1225283 223162 0.9
414939 1220881 223601 0.8
413899 1216479 224040 0.9
412779 1212157 224472 0.8
411659 1207755 224911 0.9
410619 1203353 225350 0.8
413325 1234379 225777 0.9
408459 1194709 226216 0.8
411165 1225398 226648 0.9
406219 1185985 227087 0.8
405179 1181583 227526 0.9
404059 1177261 227959 0.8
402939 1172858 228398 0.9
401899 1168456 228837 0.8
400779 1164215 229263 0.9
399739 1159813 229702 0.8
398619 1155491 230135 0.9
397499 1151088 230574 0.8
396459 1146686 231013 0.9
395339 1142364 231445 0.8
394219 1137962 231884 0.9
393179 1133560 232323 0.8
392059 1129318 232749 0.9
391019 1124916 233188 0.8
391019 1121715 233531 0.9
389899 1117313 233970 0.8
388779 1112831 234416 0.9
387739 1108589 234842 0.8
386619 1104187 235281 0.9
385499 1099705 235726 0.8
384459 1095543 236146 0.9
383339 1091061 236592 0.8
382299 1086819 237018 0.9
381179 1082417 237457 0.8
380059 1077935 237902 0.9
380059 1074733 238245 0.8
379019 1070411 238678 0.9
377899 1065929 239123 0.8
376779 1061687 239549 0.9
379565 1088382 239988 0.8
374619 1052963 240421 0.9
377405 1079484 240854 0.8
372459 1044159 241299 0.9
371339 1039837 241732 0.8
370299 1035515 242164 0.9
369179 1031033 242610 0.8
368059 1027832 242953 0.9
367019 1023510 243385 0.8
365899 1019108 243824 0.9
364859 1014866 244250 0.8
363739 1010384 244696 0.9
362619 1005982 245135 0.8
361579 1001740 245561 0.9
360459 997258 246006 0.8
359339 992936 246439 0.9
358299 988614 246872 0.8
357179 984212 247311 0.9
356139 979970 247737 0.8
355019 975488 248182 0.9
353899 971086 248621 0.8
352859 966844 249047 0.9
351739 962362 249493 0.8
350619 958040 249925 0.9
349579 953718 250358 0.8
348459 949316 250797 0.9
347419 945154 251217 0.8
346299 940672 251662 0.9
345179 936270 252101 0.8
344139 932028 252527 0.9
343019 927546 252973 0.8
345725 951531 253316 0.9
340859 920022 253748 0.8
343565 942550 254187 0.9
338699 911298 254620 0.8
337579 907937 254976 0.9
336459 903615 255408 0.8
335419 899293 255841 0.9
334299 894811 256286 0.8
333179 890569 256713 0.9
332139 886167 257152 0.8
331019 881845 257584 0.9
331005 885359 258037 0.8
326215 855747 258476 0.9
328845 876555 258908 0.8
324055 847274 259341 0.9
325499 859835 259786 0.8
324379 855593 260212 0.9
208358 208953 305760 0.19
323339 851191 260651 0.8
322219 846869 261084 0.9
321099 842467 261523 0.8
323885 862714 261962 0.9
318939 833743 262395 0.8
321725 853815 262827 0.9
316779 824939 263273 0.8
315659 820697 263699 0.9
314619 816295 264138 0.8
313499 811973 264570 0.9
312379 807571 265009 0.8
311339 803169 265448 0.9
310219 798847 265881 0.8
309179 794525 266314 0.9
308059 790043 266759 0.8
306939 785801 267185 0.9
305899 781399 267624 0.8
304779 777077 268057 0.9
303659 772675 268496 0.8
302619 768273 268935 0.9
301499 763951 269367 0.8
300459 759629 269800 0.9
299339 755147 270245 0.8
298219 750905 270672 0.9
297179 746503 271111 0.8
296059 742181 271543 0.9
294939 737779 271982 0.8
293899 733377 272421 0.9
292779 729055 272854 0.8
291739 724733 273286 0.9
290619 720250 273732 0.8
289499 716009 274158 0.9
288459 711607 274597 0.8
287339 707285 275030 0.9
286709 710099 275639 0.8
285589 705564 276084 0.9
284549 701272 276510 0.8
283429 696819 276949 0.9
280779 685354 277305 0.8
279739 681113 277731 0.9
278619 676710 278170 0.8
277499 672308 278609 0.9
276459 668067 279036 0.8
275339 663584 279481 0.9
274299 659262 279914 0.8
273179 654940 280346 0.9
269509 637704 280792 0.9
271019 646216 281218 0.9
269899 641814 281657 0.9
268779 637412 282096 0.9
267739 633170 282522 0.9
266619 628688 282967 0.9
265579 624366 283400 0.9
264459 620044 283833 0.9
263339 615562 284278 0.9
262299 611320 284704 0.9
261179 606918 285143 0.9
260059 602516 285582 0.9
259019 598274 286008 0.9
257899 593792 286454 0.9
256859 589470 286886 0.9
255739 585148 287319 0.9
254619 580666 287764 0.9
253579 577545 288101 0.9
252459 573063 288546 0.9
251339 568741 288979 0.9
257950 598806 289322 0.9
249179 561057 289767 0.9
248139 556815 290194 0.9
247019 552413 290633 0.9
245899 547931 291078 0.9
244859 543769 291498 0.9
243739 539287 291943 0.9
242619 534885 292382 0.9
241579 530643 292808 0.9
240459 526161 293254 0.9
239419 521919 293680 0.9
238299 517517 294119 0.9
237179 513035 294564 0.9
236139 508873 294984 0.9
235019 504391 295430 0.9
233899 499989 295869 0.9
233899 496788 296212 0.9
232859 492386 296651 0.9
231739 488064 297083 0.9
230699 483742 297516 0.9
229579 479260 297961 0.9
228459 475018 298387 0.9
227419 470616 298826 0.9
226299 466214 299265 0.9
225179 461892 299698 0.9
224139 457490 300137 0.9
223019 453168 300570 0.9
221979 448846 301002 0.9
220859 444364 301448 0.9
219739 440122 301874 0.9
218699 435720 302313 0.9
225230 456689 302752 0.9
216459 426996 303184 0.9
215419 422594 303623 0.9
214299 418272 304056 0.9
213259 413950 304489 0.9
212139 409468 304934 0.9
211019 405226 305360 0.9
209979 402985 305626 0.9
208859 398663 306059 0.9
207739 394261 306498 0.9
206699 389859 306937 0.9
205579 385617 307363 0.9
204539 381215 307802 0.9
203419 376733 308248 0.9
202299 372491 308674 0.9
201259 368089 309113 0.9
200139 363767 309545 0.9
199019 359365 309984 0.9
197979 354963 310423 0.9
196859 350721 310850 0.9
195819 346319 311289 0.9
194699 341837 311734 0.9
193579 337595 312160 0.9
192539 333193 312599 0.9
191419 328871 313032 0.9
190299 324469 313471 0.9
189259 320067 313910 0.9
188139 315825 314336 0.9
187099 311423 314775 0.9
185979 306941 315220 0.9
184859 302699 315647 0.9
183819 298297 316086 0.9
182699 293975 316518 0.9
189230 306606 316957 0.9
180539 285171 317396 0.9
179419 280929 317822 0.9
178379 276527 318261 0.9
177259 272045 318707 0.9
176139 267803 319133 0.9
175099 263401 319572 0.9
173979 259079 320005 0.9
172859 254677 320444 0.9
171819 250275 320883 0.9
55382 55393 330291 0.18
170699 246033 321309 0.9
54349 54357 330462 0.18
169659 241631 321748 0.9
53212 53216 330638 0.18
168539 237148 322193 0.9
52119 52119 330808 0.19
167419 232907 322619 0.9
166379 228505 323058 0.9
165259 224183 323491 0.9
88198 88234 330225 0.14
164139 219781 323930 0.9
87169 87202 330395 0.14
163099 215378 324369 0.9
86054 86083 330572 0.14
161979 211137 324795 0.9
83225 83097 330742 0.14
160939 206735 325234 0.9
85165 85278 330918 0.14
159819 202252 325680 0.9
80985 80899 331095 0.14
121003 126600 329717 0.10
158699 198010 326106 0.9
119884 124273 329996 0.10
157659 193608 326545 0.9
118767 122029 330262 0.10
156539 189286 326977 0.9
116597 118655 330522 0.10
155419 184884 327416 0.9
118327 119634 330782 0.10
154379 180482 327856 0.9
113127 112914 331042 0.10
153259 176240 328282 0.9
152219 171838 328721 0.9
151099 167356 329166 0.9
149979 163114 329592 0.9
5969 5969 337474 0.14
9027 9027 337561 0.14
9027 9027 337648 0.14
18292 18292 339966 0.10
18292 18292 340053 0.10
16380 16380 340107 0.14
16077 16077 340194 0.14
16077 16077 340281 0.14
18067 18067 341027 0.10
8595 8595 342430 0.14
8346 8346 342682 0.14
8025 8025 342769 0.14
15661 15661 343756 0.14
17554 17554 343865 0.14
17896 17896 343974 0.14
65949 65949 344083 0.14
70706 70706 344170 0.14
73380 73380 344257 0.14
74970 74970 344360 0.14
74970 74970 344447 0.14
74970 74970 344534 0.14
74970 74970 344637 0.14
69453 69453 344746 0.14
67182 67182 344855 0.14
65949 65949 344964 0.14
70706 70706 345051 0.14
73380 73380 345138 0.14
74970 74970 345241 0.14
72086 72086 345328 0.14
74970 74970 345415 0.14
72086 72086 345518 0.14
72125 72125 345627 0.14
67182 67182 345736 0.14
68391 68391 345845 0.14
68087 68087 345932 0.14
73380 73380 346019 0.14
72086 72086 346122 0.14
74970 74970 346209 0.14
74970 74970 346296 0.14
52470 52470 346483 0.14
63195 63195 346577 0.14
75017 75017 346664 0.14
61439 61439 346751 0.14
82626 82626 346838 0.14
78035 78035 346925 0.14
79081 79081 347026 0.14
77487 77487 347113 0.14
77224 77224 347200 0.14
76473 76473 347294 0.14
78747 78747 347381 0.14
78035 78035 347468 0.14
78035 78035 347555 0.14
78513 78513 347642 0.14
75017 75017 347736 0.14
78747 78747 347823 0.14
76473 76473 347917 0.14
80468 80468 348004 0.14
78271 78271 348091 0.14
79565 79565 348178 0.14
76505 76505 348265 0.14
76473 76473 348359 0.14
77487 77487 348446 0.14
80721 80721 348547 0.14
77959 77959 348634 0.14
82626 82626 348721 0.14
73445 73445 348808 0.14
84970 84970 348902 0.14
73445 73445 348989 0.14
82626 82626 349076 0.14
76473 76473 349170 0.14
12716 12716 357680 0.18
10783 10783 362632 0.18
8892 8892 369525 0.18
8776 8776 370121 0.19
1346 1346 371526 0.18
1720 1720 373462 0.18
2161 2161 375714 0.18
13810 13810 376061 0.18
12779 12779 376436 0.18
13810 13810 376783 0.18
12276 12276 377130 0.18
12779 12779 377505 0.18
7698 7698 377681 0.18
27621 27621 377852 0.18
24074 24074 378057 0.18
26086 26086 378199 0.18
25491 25491 378433 0.18
25559 25559 378574 0.18
23549 23549 378840 0.18
25643 25643 378927 0.18
24074 24074 379216 0.18
25491 25491 379303 0.18
9344 9344 379497 0.18
36820 36820 379592 0.18
34268 34268 379707 0.18
21845 21845 379902 0.18
50982 50982 379996 0.18
37956 37956 380083 0.18
52953 52953 380177 0.18
55084 55084 380264 0.18
48963 48963 380351 0.18
50982 50982 380445 0.18
52180 52180 380532 0.18
55084 55084 380619 0.18
48963 48963 380706 0.18
50982 50982 380800 0.18
55084 55084 380887 0.18
51802 51802 380974 0.18
52023 52023 381061 0.18
50982 50982 381155 0.18
55084 55084 381242 0.18
48963 48963 381329 0.18
52720 52720 381430 0.18
51973 51973 381517 0.18
13614 13614 381869 0.18
55084 55084 381956 0.18
50982 50982 382050 0.18
48963 48963 382137 0.18
55084 55084 382224 0.18
50982 50982 382318 0.18
48963 48963 382405 0.18
55084 55084 382492 0.18
50982 50982 382586 0.18
55084 55084 382673 0.18
48963 48963 382760 0.18
50982 50982 382854 0.18
55084 55084 382941 0.18
55084 55084 383028 0.18
50982 50982 383122 0.18
39856 39856 383839 0.18
2282 2282 385705 0.18
2568 2568 387571 0.18
2967 2967 389186 0.18
6778 6778 389893 0.18
6155 6155 390585 0.18
6398 6398 391334 0.18
11276 11276 391759 0.18
10215 10215 392176 0.18
11806 11806 392627 0.18
10215 10215 393044 0.18
14522 14522 393374 0.18
15310 15310 393687 0.18
14689 14689 393977 0.18
46080 46080 394081 0.18
50982 50982 394175 0.18
55084 55084 394262 0.18
48963 48963 394349 0.18
50982 50982 394443 0.18
55084 55084 394530 0.18
48963 48963 394617 0.18
56646 56646 394711 0.18
48963 48963 394798 0.18
55084 55084 394885 0.18
50982 50982 394979 0.18
48963 48963 395066 0.18
55084 55084 395153 0.18
50982 50982 395247 0.18
