51003 51003 4449 0.18
53043 53043 4536 0.18
51003 51003 4623 0.18
53043 53043 4710 0.18
51003 51003 4797 0.18
53043 53043 4884 0.18
51003 51003 4971 0.18
53043 53043 5058 0.18
51003 51003 5145 0.18
53043 53043 5232 0.18
54183 54184 5234 0.18
56955 57008 5235 0.18
58503 58506 5236 0.18
60743 60747 5231 0.18
62903 62908 5232 0.18
65063 65069 5233 0.18
67223 67230 5234 0.18
69463 69471 5229 0.18
71623 71632 5230 0.18
85635 85639 6240 0.14
73783 73793 5232 0.18
87795 87800 6242 0.14
75943 75954 5233 0.18
89955 89961 6243 0.14
78183 78195 5228 0.18
92195 92202 6238 0.14
80343 80356 5229 0.18
94355 94363 6239 0.14
82503 82517 5230 0.18
96515 96524 6240 0.14
84663 84678 5231 0.18
98675 98685 6241 0.14
86903 86919 5226 0.18
102445 102905 6236 0.14
89063 89080 5227 0.18
104605 105108 6237 0.14
91223 91241 5228 0.18
106765 107312 6238 0.14
93383 93402 5230 0.18
95623 95643 5224 0.18
109635 111811 6062 0.14
97783 97804 5226 0.18
99943 99965 5227 0.18
113955 118294 5891 0.14
102103 102126 5228 0.18
104343 104367 5223 0.18
118355 124857 5714 0.14
106503 106528 5224 0.18
109683 110821 5225 0.18
122675 131420 5538 0.14
111843 113024 5226 0.18
114083 115309 5221 0.18
127075 137983 5361 0.14
115223 115252 5222 0.18
117383 117413 5224 0.18
131395 144466 5190 0.14
119543 119574 5225 0.18
146527 154150 6633 0.10
121783 121815 5220 0.18
135795 151029 5014 0.14
123943 123976 5221 0.18
150847 160633 6463 0.10
126103 126137 5222 0.18
140115 157592 4837 0.14
128263 128298 5223 0.18
155247 167196 6286 0.10
130503 130539 5218 0.18
144515 164155 4660 0.14
132663 132700 5219 0.18
159567 173759 6109 0.10
134823 134861 5220 0.18
148835 170638 4490 0.14
136983 137022 5222 0.18
163967 180322 5932 0.10
139223 139264 5216 0.18
153235 177201 4313 0.14
141383 141424 5218 0.18
168287 186805 5762 0.10
143543 143585 5219 0.18
157555 183764 4136 0.14
145703 145746 5220 0.18
172687 193368 5585 0.10
147943 147988 5215 0.18
161955 190327 3959 0.14
150103 150149 5216 0.18
177007 199931 5408 0.10
152263 152309 5217 0.18
166275 196810 3789 0.14
154423 154470 5218 0.18
181407 206494 5231 0.10
156663 156712 5213 0.18
171440 205367 3612 0.14
158823 158873 5214 0.18
185727 212977 5061 0.10
160983 161034 5216 0.18
175760 211994 3435 0.14
163143 163194 5217 0.18
167543 167597 5039 0.18
180160 218622 3258 0.14
171863 171919 4867 0.18
194447 228264 4535 0.10
176263 176321 4689 0.18
183715 222982 3088 0.14
180583 180643 4518 0.18
184983 185045 4340 0.18
188115 229545 2911 0.14
189303 189367 4168 0.18
203779 244904 4015 0.10
194723 197568 3990 0.18
195715 239390 2472 0.14
199043 201975 3818 0.18
203443 206463 3640 0.18
204435 250275 1950 0.14
206743 206815 3469 0.18
212397 260027 3488 0.10
211143 211217 3291 0.18
213155 261160 1427 0.14
215463 215539 3119 0.18
219863 219941 2941 0.18
221875 272045 905 0.14
224183 224263 2770 0.18
226637 280938 2520 0.10
228583 228665 2592 0.18
230595 283010 376 0.14
232903 232987 2420 0.18
237303 237389 2242 0.18
239315 293895 -146 0.14
244057 295014 4139 0.6
241623 241711 2070 0.18
243567 303579 1296 0.10
246023 246113 1892 0.18
248035 304780 -669 0.14
250343 250435 1721 0.18
254743 254837 1543 0.18
256755 315665 -1191 0.14
260859 317505 2922 0.6
259063 259159 1371 0.18
261007 327510 79 0.10
263463 263561 1193 0.18
265475 326630 -1720 0.14
267783 267883 1022 0.18
272183 272285 844 0.18
274195 337515 -2242 0.14
278299 341516 1698 0.6
276503 276607 672 0.18
278447 351521 -1145 0.10
280903 281009 494 0.18
282915 348400 -2765 0.14
285223 285331 322 0.18
289623 289733 144 0.18
292400 362807 -3287 0.14
295739 365527 474 0.6
293943 294055 -27 0.18
295887 375532 -2369 0.10
298343 298457 -205 0.18
301120 373880 -3816 0.14
302663 302779 -377 0.18
307063 307181 -555 0.18
309840 384871 -4338 0.14
313179 389539 -750 0.6
311383 311503 -726 0.18
313327 399543 -3593 0.10
315783 315905 -904 0.18
317795 392020 -4861 0.14
320103 320227 -1076 0.18
324503 324629 -1254 0.18
326515 402905 -5383 0.14
330619 413470 -1968 0.6
328823 328951 -1426 0.18
331277 425550 -4811 0.10
334243 339889 -1604 0.18
335235 413870 -5912 0.14
338563 344296 -1775 0.18
342963 348784 -1953 0.18
343955 424755 -6434 0.14
348697 439625 -3192 0.6
346263 346399 -2125 0.18
348717 449679 -6035 0.10
350663 350801 -2303 0.18
352675 435640 -6957 0.14
354983 355123 -2474 0.18
359383 359525 -2652 0.18
361395 446525 -7479 0.14
366137 463754 -4416 0.6
363703 363847 -2824 0.18
366157 473807 -7259 0.10
368103 368249 -3002 0.18
370115 457490 -8008 0.14
372423 372571 -3174 0.18
376823 376973 -3352 0.18
378835 468375 -8530 0.14
383577 487883 -5640 0.6
380103 380254 -3440 0.18
383087 495507 -8483 0.10
384423 384576 -3612 0.18
387555 479260 -9053 0.14
390546 387852 -3875 0.18
396275 490145 -9575 0.14
400379 509434 -6858 0.6
395303 395461 -3960 0.18
400527 519438 -9701 0.10
397543 397702 -3965 0.19
404995 501110 -10104 0.14
398923 401349 -3961 0.18
401843 408846 -3967 0.19
402203 404652 -3963 0.18
412595 510874 -10537 0.14
417819 533445 -8082 0.6
405143 405306 -4051 0.19
417967 543449 -10925 0.10
407643 410130 -4137 0.18
411703 411869 -4315 0.19
413523 411324 -4401 0.18
422435 522880 -10975 0.14
418263 418432 -4579 0.19
420763 423342 -4665 0.18
435259 557456 -9306 0.6
434287 566340 -12059 0.10
424743 424915 -4836 0.19
426643 424364 -4928 0.18
429569 535513 -11150 0.14
431303 431478 -5100 0.19
433803 436473 -5186 0.18
437863 438041 -5364 0.19
452699 581467 -10530 0.6
439683 437325 -5450 0.18
442545 550465 -11851 0.14
444423 444604 -5628 0.19
446923 449685 -5713 0.18
451954 591637 -13022 0.10
450903 451087 -5885 0.19
452803 450365 -5977 0.18
455665 565852 -12551 0.14
457463 457650 -6149 0.19
471485 607865 -11743 0.6
459963 462816 -6235 0.18
464023 464213 -6413 0.19
466523 469422 -6498 0.18
468195 577385 -13245 0.14
471603 480007 -6676 0.19
473083 476028 -6762 0.18
474805 620900 -14327 0.10
477063 477259 -6934 0.19
479643 482634 -7026 0.18
481315 592672 -13946 0.14
483623 483822 -7198 0.19
487843 630685 -12536 0.6
485443 482806 -7283 0.18
490183 490385 -7461 0.19
492683 495765 -7547 0.18
494355 610120 -14819 0.14
496743 496948 -7725 0.19
498563 495847 -7811 0.18
500942 653556 -15900 0.10
503223 503431 -7983 0.19
505803 508977 -8075 0.18
507475 627568 -15692 0.14
509783 509994 -8246 0.19
513971 663324 -14110 0.6
510563 507774 -8249 0.18
513063 513275 -8248 0.19
514523 517758 -8250 0.18
520515 645016 -16565 0.14
516343 516557 -8249 0.19
517043 514214 -8245 0.18
527267 690726 -17736 0.10
519623 519838 -8251 0.19
521003 524283 -8247 0.18
533635 662464 -17438 0.14
522903 523120 -8252 0.19
540324 698274 -15773 0.6
524283 527586 -8248 0.18
527123 536641 -8247 0.19
527563 530889 -8250 0.18
541235 674469 -17876 0.14
529383 529603 -8248 0.19
530843 534192 -8251 0.18
553427 727904 -19656 0.10
532663 532884 -8250 0.19
533443 530515 -8252 0.18
548305 689834 -18225 0.14
535943 536166 -8251 0.19
566484 735452 -17692 0.6
537403 540798 -8254 0.18
539223 539447 -8253 0.19
540003 537035 -8255 0.18
554865 700871 -18580 0.14
542503 542729 -8254 0.19
543883 547323 -8250 0.18
570867 756330 -20877 0.10
545783 546010 -8255 0.19
546483 543475 -8252 0.18
561345 711746 -18922 0.14
549063 549292 -8257 0.19
590404 770382 -19432 0.6
550443 553929 -8253 0.18
552263 552493 -8252 0.19
553043 549996 -8254 0.18
567395 718090 -19276 0.14
556563 566672 -8253 0.19
557003 560535 -8256 0.18
583647 777877 -21753 0.10
558823 559056 -8255 0.19
560283 563838 -8257 0.18
573955 728975 -19625 0.14
562103 562338 -8256 0.19
603099 791963 -20315 0.6
563563 567141 -8259 0.18
565383 565619 -8257 0.19
566843 570444 -8260 0.18
580515 739940 -19980 0.14
568663 568901 -8259 0.19
569363 566216 -8255 0.18
596687 801888 -22629 0.10
571943 572182 -8260 0.19
573323 576969 -8256 0.18
586995 750745 -20322 0.14
575223 575464 -8262 0.19
616139 815894 -21184 0.6
575923 572736 -8258 0.18
578423 578665 -8257 0.19
579883 583575 -8259 0.18
593555 761710 -20676 0.14
581703 581947 -8258 0.19
583603 580370 -8350 0.18
610147 828598 -23505 0.10
588263 588510 -8522 0.19
590763 594532 -8608 0.18
600115 772595 -21025 0.14
594823 595073 -8786 0.19
629259 839905 -22060 0.6
596643 593330 -8871 0.18
602403 613433 -9049 0.19
603883 607743 -9135 0.18
606675 783560 -21380 0.14
607863 608119 -9307 0.19
610443 614349 -9399 0.18
623187 852607 -24375 0.10
614423 614682 -9571 0.19
616923 620875 -9656 0.18
618675 799887 -22163 0.14
620983 621245 -9834 0.19
642724 866659 -22930 0.6
623483 627481 -9920 0.18
627543 627808 -10098 0.19
629363 625852 -10184 0.18
632225 822677 -23036 0.14
634023 634291 -10356 0.19
636603 640692 -10448 0.18
638467 878865 -25424 0.10
640583 640854 -10619 0.19
642403 638812 -10705 0.18
645345 840239 -23910 0.14
647143 647417 -10883 0.19
655844 890829 -23812 0.6
649643 653824 -10969 0.18
653703 653980 -11147 0.19
655523 651853 -11233 0.18
658385 857801 -24783 0.14
660183 660463 -11404 0.19
662763 667035 -11497 0.18
664287 913139 -27349 0.10
666743 667026 -11668 0.19
669243 673561 -11754 0.18
670995 869679 -25656 0.14
674323 686797 -11932 0.19
677604 923591 -25379 0.6
675803 680167 -12018 0.18
679863 680152 -12196 0.19
682363 686773 -12282 0.18
684035 887127 -26529 0.14
686343 686635 -12453 0.19
688243 684374 -12545 0.18
690447 950196 -29268 0.10
692903 693198 -12717 0.19
695403 699904 -12803 0.18
697155 904575 -27402 0.14
699463 699761 -12981 0.19
703339 957640 -27299 0.6
701283 697334 -13067 0.18
706023 706324 -13245 0.19
708523 713116 -13330 0.18
710195 922023 -28276 0.14
712503 712807 -13502 0.19
714403 710375 -13594 0.18
716607 987253 -31188 0.10
719063 719370 -13766 0.19
721563 726247 -13852 0.18
723315 939471 -29149 0.14
725623 725933 -14030 0.19
729499 994697 -29218 0.6
727443 723335 -14115 0.18
732183 732496 -14293 0.19
734683 739459 -14379 0.18
736355 956919 -30022 0.14
738663 738979 -14551 0.19
741243 746065 -14643 0.18
743107 1027658 -33107 0.10
746243 760161 -14815 0.19
747723 752590 -14900 0.18
749475 974367 -30895 0.14
751783 752105 -15078 0.19
756084 1035206 -31143 0.6
754283 759196 -15164 0.18
758343 758668 -15342 0.19
760163 755856 -15428 0.18
762515 991815 -31768 0.14
764823 765151 -15600 0.19
767403 772408 -15692 0.18
769267 1064916 -35032 0.10
769223 769553 -15691 0.19
769923 765557 -15687 0.18
776145 1015860 -32642 0.14
772503 772835 -15692 0.19
782244 1072384 -33063 0.6
773883 778933 -15688 0.18
775783 776116 -15693 0.19
776483 772077 -15690 0.18
789185 1033422 -33515 0.14
778983 779318 -15688 0.19
780443 785539 -15691 0.18
795427 1102094 -36952 0.10
782263 782599 -15690 0.19
783043 778597 -15692 0.18
797905 1046553 -34036 0.14
785543 785881 -15691 0.19
808404 1109562 -34982 0.6
787003 792145 -15694 0.18
788823 789162 -15693 0.19
790283 795448 -15695 0.18
803955 1050722 -34391 0.14
793123 807982 -15694 0.19
793563 798751 -15697 0.18
820127 1134441 -38781 0.10
795383 795725 -15695 0.19
796763 801973 -15692 0.18
810515 1061607 -34739 0.14
798663 799007 -15697 0.19
834139 1143005 -36901 0.6
799363 794818 -15693 0.18
801943 802288 -15698 0.19
803323 808579 -15694 0.18
816995 1072492 -35088 0.14
805143 805490 -15693 0.19
805923 801338 -15696 0.18
833247 1158452 -39657 0.10
808423 808771 -15695 0.19
809883 815185 -15697 0.18
823555 1083377 -35436 0.14
811703 812053 -15696 0.19
852699 1172538 -38219 0.6
812483 807858 -15699 0.18
814983 815334 -15697 0.19
816443 821791 -15700 0.18
830115 1094342 -35791 0.14
818263 818616 -15699 0.19
819043 814378 -15701 0.18
846627 1186327 -40533 0.10
821543 821897 -15700 0.19
822923 828316 -15696 0.18
836675 1105227 -36139 0.14
824823 825179 -15702 0.19
866164 1200379 -39088 0.6
826203 831619 -15698 0.18
829123 844705 -15703 0.19
829483 834922 -15699 0.18
843155 1116112 -36488 0.14
831303 831662 -15698 0.19
832763 838225 -15701 0.18
859747 1210417 -41409 0.10
834583 834943 -15699 0.19
835363 830599 -15702 0.18
850225 1134363 -36836 0.14
837863 838225 -15701 0.19
879284 1224469 -39964 0.6
839323 844831 -15703 0.18
841143 841506 -15702 0.19
841923 837119 -15705 0.18
856785 1145400 -37191 0.14
844423 844788 -15704 0.19
845883 851437 -15706 0.18
872787 1234426 -42279 0.10
847703 848069 -15705 0.19
848403 843560 -15701 0.18
863345 1156356 -37539 0.14
850983 851351 -15706 0.19
892324 1248478 -40834 0.6
852363 857962 -15703 0.18
854263 854632 -15708 0.19
854963 850080 -15704 0.18
869315 1159732 -37888 0.14
858483 874654 -15703 0.19
858923 864568 -15705 0.18
885567 1254416 -43155 0.10
860743 861115 -15704 0.19
862203 867871 -15707 0.18
875875 1170617 -38236 0.14
864023 864397 -15706 0.19
905019 1268502 -41716 0.6
865483 871174 -15708 0.18
867303 867678 -15707 0.19
868763 874477 -15710 0.18
882435 1181583 -38591 0.14
870583 870960 -15708 0.19
871363 866380 -15711 0.18
898607 1278427 -44031 0.10
873863 874241 -15710 0.19
875243 881003 -15706 0.18
888995 1192468 -38939 0.14
877143 877523 -15711 0.19
918059 1292433 -42586 0.6
877843 872821 -15707 0.18
880423 880804 -15713 0.19
895475 1203353 -39288 0.14
881971 872577 -15711 0.19
884743 885126 -15710 0.19
912067 1306694 -44907 0.10
886903 887287 -15709 0.19
902035 1214238 -39636 0.14
889143 889528 -15714 0.19
931179 1316444 -43462 0.6
891303 891689 -15713 0.19
893874 918987 -15622 0.19
907745 1228318 -39988 0.14
894994 920140 -15538 0.19
893463 893850 -15364 0.19
925107 1330704 -45776 0.10
912181 1237641 -40338 0.14
894583 894971 -15279 0.19
916548 1247148 -40687 0.14
895011 885470 -15102 0.19
944644 1344756 -44331 0.6
895623 896011 -14841 0.19
918355 1248013 -40858 0.14
895623 896011 -14667 0.20
936007 1352804 -46647 0.10
895623 896011 -14580 0.19
920595 1254656 -41041 0.14
895623 896011 -14406 0.20
895623 896011 -14319 0.19
895623 896011 -14145 0.20
895623 896011 -14058 0.19
957764 1368926 -45214 0.6
944367 1367828 -47526 0.10
895623 896011 -13884 0.20
895623 896011 -13797 0.19
921635 1262260 -40953 0.14
895623 896011 -13623 0.20
895623 896011 -13536 0.19
895623 896011 -13362 0.20
966537 1389164 -46086 0.6
895623 896011 -13275 0.19
946607 1380954 -47879 0.10
895623 896011 -13101 0.20
896643 913580 -13014 0.19
921854 1272296 -40688 0.14
896643 913580 -12840 0.20
895623 896011 -12753 0.19
971499 1400403 -46695 0.6
895623 896011 -12579 0.20
895623 896011 -12492 0.19
921635 1273145 -40518 0.15
895623 896011 -12318 0.20
895623 896011 -12231 0.19
921988 1281076 -40430 0.14
896743 897132 -12146 0.20
896743 897132 -12059 0.19
896743 897132 -11885 0.20
897863 898252 -11888 0.19
947647 1397282 -47619 0.10
922145 1288072 -40260 0.15
898903 899293 -11797 0.20
973923 1418481 -46780 0.6
898903 899293 -11710 0.19
921805 1284661 -40172 0.14
898903 899293 -11536 0.20
898903 899293 -11449 0.19
898903 899293 -11275 0.20
898903 899293 -11188 0.19
922755 1288432 -40175 0.15
898903 899293 -11014 0.20
898903 899293 -10927 0.19
924045 1295650 -40266 0.14
898903 899293 -10753 0.20
898903 899293 -10666 0.19
898903 899293 -10492 0.20
899923 916926 -10405 0.19
947926 1416265 -47269 0.10
924915 1300437 -40352 0.15
899923 916926 -10231 0.20
973855 1433055 -46437 0.6
898903 899293 -10144 0.19
924745 1300798 -40347 0.14
898903 899293 -9970 0.20
898903 899293 -9883 0.19
898903 899293 -9709 0.20
898903 899293 -9622 0.19
925425 1318765 -40350 0.15
898903 899293 -9448 0.20
898903 899293 -9361 0.19
925085 1316345 -40351 0.14
898903 899293 -9187 0.20
898903 899293 -9100 0.19
898903 899293 -8926 0.20
898903 899293 -8839 0.19
951154 1440752 -47712 0.10
924915 1320046 -40354 0.15
898903 899293 -8665 0.20
977095 1454491 -46618 0.6
900023 900413 -8668 0.19
925085 1325088 -40266 0.14
900023 900413 -8494 0.20
900023 900413 -8407 0.19
901063 901454 -8316 0.20
902183 902574 -8318 0.19
924915 1326609 -40096 0.15
903203 920272 -8144 0.20
902183 902574 -8057 0.19
925085 1331665 -40007 0.14
902183 902574 -7883 0.20
903203 920272 -7796 0.19
902183 902574 -7622 0.20
902183 902574 -7535 0.19
951154 1460404 -47714 0.10
926035 1334213 -39921 0.15
903303 903695 -7451 0.20
977223 1477730 -46793 0.6
903303 903695 -7364 0.19
928365 1341531 -40012 0.14
904343 904735 -7273 0.20
904343 904735 -7186 0.19
905463 905856 -7102 0.20
905463 905856 -7015 0.19
928195 1342937 -39835 0.15
906583 906976 -6930 0.20
906583 906976 -6843 0.19
929485 1349151 -39837 0.14
906583 906976 -6669 0.20
906583 906976 -6582 0.19
907623 908017 -6492 0.20
907623 908017 -6405 0.19
954434 1479013 -47633 0.10
930865 1360495 -39750 0.15
908743 909137 -6320 0.20
978343 1495216 -46622 0.6
908743 909137 -6233 0.19
931645 1357894 -39751 0.14
908743 909137 -6059 0.20
909783 910178 -6055 0.19
910803 928024 -5881 0.20
910903 911298 -5884 0.19
933635 1361505 -39754 0.15
912023 912419 -5800 0.20
913043 930309 -5713 0.19
934925 1367760 -39755 0.14
913063 913459 -5622 0.20
914183 914580 -5624 0.19
915303 915700 -5540 0.20
915303 915700 -5453 0.19
958834 1498665 -47635 0.10
935795 1370149 -39662 0.15
915303 915700 -5279 0.20
982663 1514948 -46630 0.6
915303 915700 -5192 0.19
938205 1377626 -39760 0.14
916343 916741 -5101 0.20
916343 916741 -5014 0.19
917463 917861 -4930 0.20
917463 917861 -4843 0.19
940705 1390141 -39756 0.15
918503 918902 -4752 0.20
918503 918902 -4665 0.19
941485 1387412 -39757 0.14
919623 920022 -4581 0.20
919623 920022 -4494 0.19
919623 920022 -4320 0.20
964274 1520562 -47816 0.10
943475 1390959 -39760 0.15
920131 910306 -4235 0.20
986779 1531263 -46632 0.6
922274 948235 -4061 0.20
943645 1396155 -39672 0.14
923314 949306 -3970 0.20
921783 922183 -3796 0.20
922903 923304 -3712 0.20
945635 1399683 -39675 0.15
922903 923304 -3538 0.20
945635 1401844 -39674 0.14
924023 924424 -3454 0.20
924023 924424 -3280 0.20
948101 1413850 -39844 0.15
925063 925465 -3189 0.20
947995 1414175 -39849 0.14
970527 1540067 -48074 0.10
925063 925465 -3015 0.20
994663 1558663 -46986 0.6
926183 926585 -2930 0.20
948915 1416010 -39936 0.15
926183 926585 -2756 0.20
950035 1419292 -40025 0.14
926183 926585 -2582 0.20
926183 926585 -2408 0.20
950035 1423694 -40029 0.15
926183 926585 -2234 0.20
951075 1426895 -40111 0.14
926183 926585 -2060 0.20
973932 1561629 -48518 0.10
926183 926585 -1886 0.20
952195 1432418 -40204 0.15
926183 926585 -1712 0.20
952195 1434579 -40203 0.14
999074 1579569 -47252 0.6
926183 926585 -1538 0.20
926183 926585 -1364 0.20
952195 1438901 -40201 0.15
926183 926585 -1190 0.20
952195 1441142 -40206 0.14
926183 926585 -1016 0.20
978350 1582648 -49131 0.10
926183 926585 -842 0.20
952195 1445464 -40204 0.15
926183 926585 -668 0.20
952705 1457086 -40202 0.14
1002392 1599774 -47782 0.6
926183 926585 -494 0.20
926183 926585 -320 0.20
952960 1466262 -40206 0.15
926183 926585 -146 0.20
952705 1463692 -40205 0.14
926183 926585 28 0.20
978373 1599432 -49399 0.10
926183 926585 202 0.20
952960 1472890 -40209 0.15
926183 926585 376 0.20
952705 1470298 -40208 0.14
1004219 1614101 -48210 0.6
926183 926585 550 0.20
926183 926585 724 0.20
952195 1465073 -40206 0.15
926183 926585 898 0.20
952195 1467314 -40211 0.14
927714 953838 1072 0.20
978547 1618493 -49661 0.10
927714 953838 1246 0.20
952195 1471636 -40208 0.15
926183 926585 1420 0.20
952195 1473797 -40207 0.14
1004644 1635837 -48478 0.6
926183 926585 1594 0.20
926183 926585 1768 0.20
952195 1478199 -40211 0.15
926183 926585 1942 0.20
952195 1480360 -40210 0.14
926183 926585 2116 0.20
978547 1634874 -49923 0.10
926183 926585 2290 0.20
952195 1484762 -40214 0.15
926183 926585 2464 0.20
952195 1486923 -40213 0.14
1004644 1652218 -48740 0.6
926183 926585 2638 0.20
926183 926585 2812 0.20
952195 1491245 -40210 0.15
926183 926585 2986 0.20
952195 1493486 -40216 0.14
926183 926585 3160 0.20
978547 1651255 -50184 0.10
926183 926585 3334 0.20
952195 1497808 -40213 0.15
926183 926585 3508 0.20
952195 1499969 -40212 0.14
1004644 1668679 -49008 0.6
926183 926585 3682 0.20
926183 926585 3856 0.20
952195 1504371 -40216 0.15
926183 926585 4030 0.20
952195 1506532 -40215 0.14
926183 926585 4204 0.20
978207 1662283 -50452 0.10
926183 926585 4378 0.20
952195 1510934 -40219 0.15
926183 926585 4552 0.20
952195 1511974 -40128 0.14
1004219 1679571 -49270 0.6
926183 926585 4726 0.20
926183 926585 4900 0.20
952960 1528980 -39953 0.15
926183 926585 5074 0.20
952705 1525159 -39868 0.14
926183 926585 5248 0.20
978207 1678611 -50714 0.10
926183 926585 5422 0.20
952960 1532293 -39693 0.15
926183 926585 5596 0.20
952705 1528462 -39609 0.14
1004219 1695979 -49538 0.6
926183 926585 5770 0.20
926183 926585 5944 0.20
952195 1520698 -39434 0.15
926183 926585 6118 0.20
952705 1531765 -39349 0.14
926183 926585 6292 0.20
978547 1695097 -50547 0.10
926183 926585 6466 0.20
952195 1523980 -39174 0.15
952195 1525100 -39090 0.14
926795 937486 6727 0.20
1004219 1710145 -49626 0.6
927203 944754 6988 0.20
952195 1527261 -38914 0.15
926183 926585 7162 0.21
952195 1528382 -38830 0.14
926183 926585 7249 0.20
978547 1704894 -50283 0.10
926183 926585 7423 0.21
926183 926585 7510 0.20
952195 1530543 -38655 0.15
926183 926585 7684 0.21
926183 926585 7771 0.20
952437 1536325 -38477 0.14
1004644 1725611 -49370 0.6
926183 926585 7945 0.21
926183 926585 8032 0.20
926183 926585 8206 0.21
926183 926585 8293 0.20
952501 1539839 -38134 0.15
978547 1714771 -50027 0.10
926183 926585 8467 0.21
926183 926585 8554 0.20
952195 1534865 -37956 0.14
926183 926585 8728 0.21
926183 926585 8815 0.20
1004644 1735327 -49100 0.6
926183 926585 8989 0.21
926183 926585 9076 0.20
952195 1537106 -37614 0.15
926183 926585 9250 0.21
926183 926585 9337 0.20
952379 1541766 -37436 0.14
927203 944754 9511 0.21
926183 926585 9598 0.20
926183 926585 9772 0.21
927203 944754 9859 0.20
978357 1721496 -49335 0.10
952195 1540307 -37087 0.15
926183 926585 10033 0.21
1004622 1744904 -48669 0.6
926183 926585 10120 0.20
952025 1538070 -36915 0.14
926183 926585 10294 0.21
926183 926585 10381 0.20
926183 926585 10555 0.21
926183 926585 10642 0.20
952705 1553678 -36566 0.15
926183 926585 10816 0.21
926183 926585 10903 0.20
952365 1549198 -36484 0.14
926183 926585 11077 0.21
926183 926585 11164 0.20
926183 926585 11338 0.21
926183 926585 11425 0.20
978338 1730958 -48550 0.10
952195 1550152 -36308 0.15
926183 926585 11599 0.21
1004219 1749363 -47890 0.6
926183 926585 11686 0.20
952365 1555695 -36220 0.14
926183 926585 11860 0.21
926183 926585 11947 0.20
926183 926585 12121 0.21
927203 944754 12208 0.20
952195 1556715 -36050 0.15
927203 944754 12382 0.21
926183 926585 12469 0.20
952365 1562272 -35961 0.14
926183 926585 12643 0.21
926183 926585 12730 0.20
926183 926585 12904 0.21
926183 926585 12991 0.20
978323 1746017 -48206 0.10
952195 1563278 -35791 0.15
926183 926585 13165 0.21
1004525 1765513 -47284 0.6
926183 926585 13252 0.20
952365 1568849 -35703 0.14
926183 926585 13426 0.21
926183 926585 13513 0.20
926183 926585 13687 0.21
926183 926585 13774 0.20
952195 1569761 -35527 0.15
926183 926585 13948 0.21
926183 926585 14035 0.20
952365 1575427 -35445 0.14
926183 926585 14209 0.21
926183 926585 14296 0.20
926183 926585 14470 0.21
926183 926585 14557 0.20
978434 1764244 -47946 0.10
952705 1586627 -35269 0.15
926183 926585 14731 0.21
1004503 1781569 -47024 0.6
926183 926585 14818 0.20
952365 1581924 -35180 0.14
926183 926585 14992 0.21
927203 944754 15079 0.20
927203 944754 15253 0.21
926183 926585 15340 0.20
952195 1582887 -35010 0.15
926183 926585 15514 0.21
926183 926585 15601 0.20
952365 1588501 -34922 0.14
926183 926585 15775 0.21
926183 926585 15862 0.20
926183 926585 16036 0.21
926183 926585 16123 0.20
978434 1780687 -47692 0.10
952195 1589450 -34752 0.15
926183 926585 16297 0.21
1004503 1798013 -46770 0.6
926183 926585 16384 0.20
952365 1595079 -34664 0.14
926183 926585 16558 0.21
926183 926585 16645 0.20
926183 926585 16819 0.21
926183 926585 16906 0.20
952705 1606364 -34488 0.15
926183 926585 17080 0.21
926183 926585 17167 0.20
952365 1601656 -34406 0.14
926183 926585 17341 0.21
926183 926585 17428 0.20
926183 926585 17602 0.21
926183 926585 17689 0.20
978434 1797050 -47431 0.10
952195 1602496 -34229 0.15
926183 926585 17863 0.21
1004219 1810432 -46510 0.6
927203 944754 17950 0.20
952365 1608153 -34141 0.14
927203 944754 18124 0.21
926183 926585 18211 0.20
926183 926585 18385 0.21
926183 926585 18472 0.20
952195 1609059 -33971 0.15
926183 926585 18646 0.21
926183 926585 18733 0.20
952365 1614730 -33883 0.14
926183 926585 18907 0.21
926183 926585 18994 0.20
926183 926585 19168 0.21
926183 926585 19255 0.20
978207 1809551 -47177 0.10
952705 1626182 -33713 0.15
926183 926585 19429 0.21
1004503 1830819 -46256 0.6
926183 926585 19516 0.20
952365 1621308 -33625 0.14
926183 926585 19690 0.21
926183 926585 19777 0.20
926183 926585 19951 0.21
926183 926585 20038 0.20
952195 1622105 -33448 0.15
926183 926585 20212 0.21
926183 926585 20299 0.20
952365 1627885 -33367 0.14
926183 926585 20473 0.21
926183 926585 20560 0.20
926183 926585 20734 0.21
927203 944754 20821 0.20
978434 1829857 -46917 0.10
952195 1628668 -33190 0.15
927203 944754 20995 0.21
1004503 1847102 -45989 0.6
926183 926585 21082 0.20
952025 1627276 -33102 0.14
926183 926585 21256 0.21
926183 926585 21343 0.20
926183 926585 21517 0.21
926183 926585 21604 0.20
952705 1645919 -32932 0.15
926183 926585 21778 0.21
926183 926585 21865 0.20
952365 1640959 -32844 0.14
926183 926585 22039 0.21
926183 926585 22126 0.20
926183 926585 22300 0.21
926183 926585 22387 0.20
978434 1846300 -46663 0.10
952195 1641794 -32674 0.15
926183 926585 22561 0.21
1004503 1863545 -45735 0.6
926183 926585 22648 0.20
952365 1647537 -32586 0.14
926183 926585 22822 0.21
926183 926585 22909 0.20
926183 926585 23083 0.21
926183 926585 23170 0.20
952195 1648277 -32409 0.15
927203 944754 23344 0.21
926183 926585 23431 0.20
952365 1654114 -32327 0.14
926183 926585 23605 0.21
927203 944754 23692 0.20
926183 926585 23866 0.21
926183 926585 23953 0.20
978434 1862583 -46396 0.10
952195 1654840 -32151 0.15
926183 926585 24127 0.21
1004503 1879908 -45474 0.6
926183 926585 24214 0.20
952365 1660611 -32063 0.14
926183 926585 24388 0.21
926183 926585 24475 0.20
926183 926585 24649 0.21
926183 926585 24736 0.20
952195 1661403 -31893 0.15
926183 926585 24910 0.21
926183 926585 24997 0.20
952365 1667188 -31805 0.14
926183 926585 25171 0.21
926183 926585 25258 0.20
926183 926585 25432 0.21
926183 926585 25519 0.20
978434 1879026 -46142 0.10
952705 1678868 -31635 0.15
926183 926585 25693 0.21
1004503 1896352 -45220 0.6
926183 926585 25780 0.20
952365 1673766 -31546 0.14
926183 926585 25954 0.21
926183 926585 26041 0.20
927203 944754 26215 0.21
926183 926585 26302 0.20
952195 1674449 -31370 0.15
926183 926585 26476 0.21
927203 944754 26563 0.20
952365 1680343 -31288 0.14
926183 926585 26737 0.21
926183 926585 26824 0.20
926183 926585 26998 0.21
926183 926585 27085 0.20
978434 1895389 -45882 0.10
952195 1681012 -31112 0.15
926183 926585 27259 0.21
1004503 1912715 -44960 0.6
926183 926585 27346 0.20
952365 1686840 -31024 0.14
926183 926585 27520 0.21
926183 926585 27607 0.20
926183 926585 27781 0.21
926183 926585 27868 0.20
952705 1698605 -30854 0.15
926183 926585 28042 0.21
926183 926585 28129 0.20
952365 1693417 -30765 0.14
926183 926585 28303 0.21
926183 926585 28390 0.20
926183 926585 28564 0.21
926183 926585 28651 0.20
978434 1911832 -45628 0.10
952195 1694138 -30595 0.15
926183 926585 28825 0.21
1004219 1924964 -44706 0.6
952365 1699995 -30507 0.14
926795 937486 28999 0.21
926183 926585 29173 0.21
926183 926585 29347 0.21
952195 1700621 -30331 0.15
926183 926585 29521 0.21
926183 926585 29695 0.21
952025 1699152 -30249 0.14
926183 926585 29869 0.21
926183 926585 30043 0.21
952769 1719737 -30247 0.15
926183 926585 30217 0.21
978207 1924004 -45367 0.10
952578 1717724 -30245 0.14
926183 926585 30391 0.21
1004503 1945521 -44446 0.6
926183 926585 30565 0.21
952548 1721502 -30249 0.15
926183 926585 30739 0.21
952414 1720715 -30248 0.14
926183 926585 30913 0.21
926183 926585 31087 0.21
952195 1720310 -30252 0.15
926183 926585 31261 0.21
952705 1733729 -30251 0.14
926183 926585 31435 0.21
978452 1944977 -45461 0.10
926183 926585 31609 0.21
952195 1726793 -30249 0.15
927714 953838 31783 0.21
952195 1729034 -30254 0.14
1004652 1964218 -44279 0.6
927714 953838 31957 0.21
926183 926585 32131 0.21
952195 1731195 -30079 0.15
926183 926585 32305 0.21
952195 1732236 -29988 0.14
926183 926585 32479 0.21
978486 1961971 -45723 0.10
926183 926585 32653 0.21
952195 1734477 -29819 0.15
926183 926585 32827 0.21
952195 1735517 -29728 0.14
1004708 1981358 -44534 0.6
926183 926585 33001 0.21
926183 926585 33175 0.21
952195 1737758 -29559 0.15
926183 926585 33349 0.21
952195 1738799 -29469 0.14
926183 926585 33523 0.21
978529 1974839 -45639 0.10
926183 926585 33697 0.21
952195 1740960 -29293 0.15
926183 926585 33871 0.21
952195 1742080 -29209 0.14
1004406 1992088 -44712 0.6
926183 926585 34045 0.21
926183 926585 34219 0.21
952195 1744241 -29034 0.15
926183 926585 34393 0.21
952195 1745362 -28949 0.14
926183 926585 34567 0.21
978207 1978509 -45376 0.10
926183 926585 34741 0.21
952195 1747523 -28774 0.15
926183 926585 34915 0.21
952195 1748643 -28690 0.14
1004219 1999078 -44455 0.6
926183 926585 35089 0.21
926183 926585 35263 0.21
952195 1750804 -28515 0.15
926183 926585 35437 0.21
952705 1763375 -28430 0.14
926183 926585 35611 0.21
978207 1988353 -45119 0.10
926183 926585 35785 0.21
952960 1771283 -28255 0.15
926183 926585 35959 0.21
952705 1766678 -28171 0.14
1004219 2008923 -44199 0.6
926183 926585 36133 0.21
926183 926585 36307 0.21
952960 1774596 -27995 0.15
926183 926585 36481 0.21
952705 1769900 -27905 0.14
926183 926585 36655 0.21
978547 2004648 -44856 0.10
926183 926585 36829 0.21
952195 1760649 -27736 0.15
926183 926585 37003 0.21
952195 1761689 -27645 0.14
1004219 2018687 -43935 0.6
926183 926585 37177 0.21
927714 953838 37351 0.21
952195 1763930 -27476 0.15
927714 953838 37525 0.21
952195 1764971 -27385 0.14
926183 926585 37699 0.21
978547 2014524 -44599 0.10
926183 926585 37873 0.21
952195 1767132 -27210 0.15
926183 926585 38047 0.21
952195 1768252 -27126 0.14
1004644 2035161 -43679 0.6
926183 926585 38221 0.21
926183 926585 38395 0.21
952195 1770413 -26951 0.15
926183 926585 38569 0.21
952195 1771534 -26866 0.14
926183 926585 38743 0.21
978547 2024401 -44342 0.10
926183 926585 38917 0.21
952195 1773695 -26691 0.15
926183 926585 39091 0.21
952195 1774815 -26607 0.14
1004644 2045038 -43422 0.6
926183 926585 39265 0.21
926183 926585 39439 0.21
952195 1776976 -26431 0.15
926183 926585 39613 0.21
952195 1778097 -26347 0.14
926183 926585 39787 0.21
978207 2027651 -44085 0.10
926183 926585 39961 0.21
952195 1780258 -26172 0.15
926183 926585 40135 0.21
952195 1781378 -26087 0.14
1004644 2054914 -43165 0.6
926183 926585 40309 0.21
926183 926585 40483 0.21
952195 1783539 -25912 0.15
926183 926585 40657 0.21
952195 1784580 -25821 0.14
926183 926585 40831 0.21
978207 2037416 -43822 0.10
926183 926585 41005 0.21
952960 1804339 -25653 0.15
926183 926585 41179 0.21
952705 1799546 -25562 0.14
1004219 2057905 -42895 0.6
926183 926585 41353 0.21
926183 926585 41527 0.21
952960 1807652 -25393 0.15
926183 926585 41701 0.21
952705 1802849 -25302 0.14
926183 926585 41875 0.21
978207 2047260 -43565 0.10
926183 926585 42049 0.21
952195 1793304 -25127 0.15
926183 926585 42223 0.21
952705 1806152 -25043 0.14
1004219 2067750 -42639 0.6
926183 926585 42397 0.21
926183 926585 42571 0.21
952195 1796585 -24867 0.15
926183 926585 42745 0.21
952195 1797706 -24783 0.14
927714 953838 42919 0.21
978547 2063747 -43302 0.10
927714 953838 43093 0.21
952195 1799867 -24608 0.15
926183 926585 43267 0.21
952195 1800987 -24523 0.14
1004644 2084384 -42382 0.6
926183 926585 43441 0.21
926183 926585 43615 0.21
952195 1803148 -24348 0.15
926183 926585 43789 0.21
952195 1804269 -24264 0.14
926183 926585 43963 0.21
978547 2073624 -43045 0.10
926183 926585 44137 0.21
952195 1806430 -24089 0.15
926183 926585 44311 0.21
952195 1807550 -24004 0.14
1004644 2094260 -42125 0.6
926183 926585 44485 0.21
926183 926585 44659 0.21
952195 1809711 -23829 0.15
926183 926585 44833 0.21
952195 1810752 -23738 0.14
926183 926585 45007 0.21
978547 2083420 -42782 0.10
926183 926585 45181 0.21
952195 1812993 -23569 0.15
926183 926585 45355 0.21
952195 1814033 -23479 0.14
1004644 2104057 -41862 0.6
926183 926585 45529 0.21
926183 926585 45703 0.21
952195 1816274 -23310 0.15
926183 926585 45877 0.21
952195 1817315 -23219 0.14
926183 926585 46051 0.21
978207 2086478 -42525 0.10
926183 926585 46225 0.21
952195 1819476 -23044 0.15
926183 926585 46399 0.21
952195 1820596 -22959 0.14
1004219 2107048 -41605 0.6
926183 926585 46573 0.21
926183 926585 46747 0.21
952960 1840627 -22784 0.15
926183 926585 46921 0.21
952705 1835798 -22700 0.14
926183 926585 47095 0.21
978207 2096323 -42268 0.10
926183 926585 47269 0.21
952960 1843941 -22525 0.15
926183 926585 47443 0.21
952705 1839101 -22440 0.14
1004219 2116892 -41348 0.6
926183 926585 47617 0.21
926183 926585 47791 0.21
952195 1829320 -22265 0.15
926183 926585 47965 0.21
952705 1842404 -22181 0.14
926183 926585 48139 0.21
978547 2113050 -42012 0.10
926183 926585 48313 0.21
952195 1832602 -22005 0.15
927714 953838 48487 0.21
952195 1833722 -21921 0.14
1004644 2133687 -41091 0.6
927714 953838 48661 0.21
952195 1835883 -21746 0.15
926280 928304 48922 0.18
952195 1836924 -21655 0.14
978547 2122847 -41748 0.10
926276 928233 49270 0.18
952195 1839165 -21486 0.15
952195 1840205 -21395 0.14
926280 928299 49618 0.18
1004644 2143403 -40822 0.6
952613 1852299 -21314 0.15
952465 1849866 -21223 0.14
952705 1857711 -21222 0.15
978547 2132723 -41492 0.10
952501 1854010 -21137 0.14
952195 1848929 -21136 0.15
952548 1858421 -21052 0.14
1004644 2153280 -40565 0.6
952195 1852211 -21050 0.15
951778 1843420 -21053 0.14
978207 2135541 -41402 0.10
951540 1838789 -20962 0.15
952195 1854372 -20875 0.14
952195 1854372 -20701 0.15
951685 1842252 -20614 0.14
952195 1854372 -20440 0.15
952705 1866492 -20353 0.14
1004219 2156110 -40308 0.6
978207 2145385 -41494 0.10
952195 1854372 -20179 0.15
951685 1842252 -20092 0.14
953725 1890732 -19918 0.15
952705 1866492 -19831 0.14
978207 2151868 -41490 0.10
952195 1854372 -19657 0.15
1004219 2165955 -40399 0.6
952705 1866492 -19570 0.14
951540 1838789 -19309 0.15
978207 2155150 -41230 0.10
953113 1876188 -19222 0.14
926316 928955 52924 0.18
1004503 2180460 -40571 0.6
952195 1854372 -18961 0.15
952613 1864288 -18874 0.14
926249 927745 53359 0.18
978887 2172539 -40971 0.10
952195 1854372 -18700 0.16
952195 1854372 -18613 0.15
927291 928838 53449 0.18
952195 1854372 -18526 0.14
1004584 2185105 -40312 0.6
952195 1854372 -18352 0.16
952195 1854372 -18265 0.15
978529 2168406 -40624 0.10
951842 1845981 -18091 0.14
1004622 2189039 -40052 0.6
951685 1842252 -17917 0.16
952705 1866492 -17830 0.15
952195 1854372 -17656 0.14
1004219 2185564 -39792 0.6
952818 1845490 -17478 0.16
953653 1865334 -17391 0.15
952929 1848136 -17304 0.14
954153 1877241 -17130 0.16
978678 2175836 -39839 0.10
953235 1855412 -17043 0.15
953891 1871004 -16956 0.14
1004219 2188765 -39352 0.6
954383 1882698 -16782 0.16
953235 1855412 -16695 0.15
953588 1863808 -16608 0.14
953235 1855412 -16434 0.16
953235 1855412 -16347 0.15
954000 1873602 -16260 0.14
979247 2170357 -39314 0.10
953235 1855412 -16086 0.16
953235 1855412 -15999 0.15
953235 1855412 -15912 0.14
953235 1855412 -15738 0.16
953235 1855412 -15651 0.15
1005523 2199781 -38572 0.6
952580 1839820 -15477 0.16
953891 1871004 -15390 0.15
927356 929998 56842 0.18
953235 1855412 -15216 0.16
979422 2179456 -38706 0.10
953235 1855412 -15129 0.15
953235 1855412 -14955 0.16
953235 1855412 -14868 0.15
1005506 2202702 -38132 0.6
927427 931264 57364 0.18
953235 1855412 -14694 0.16
953235 1855412 -14607 0.15
927411 930967 57538 0.18
979458 2183501 -38359 0.10
954765 1891793 -14433 0.16
953235 1855412 -14346 0.15
953891 1871004 -14085 0.16
980557 2190908 -38182 0.11
953891 1871004 -13998 0.15
952580 1839820 -13824 0.16
1005478 2206634 -37440 0.6
979247 2185644 -38101 0.10
927319 929338 58408 0.19
953235 1855412 -13650 0.15
953235 1855412 -13389 0.16
927323 929410 58756 0.19
953235 1855412 -13302 0.15
1005259 2206213 -37181 0.6
979513 2196690 -37927 0.10
953235 1855412 -13128 0.16
953891 1871004 -13041 0.15
953235 1855412 -12867 0.16
927223 927626 59278 0.19
953235 1855412 -12780 0.15
953891 1871004 -12519 0.16
1005543 2219763 -37095 0.6
927223 927626 59626 0.19
980424 2201223 -37659 0.11
952580 1839820 -12432 0.15
979474 2204603 -37668 0.10
953235 1855412 -12171 0.16
953235 1855412 -12084 0.15
927223 927626 60148 0.19
952580 1839820 -11910 0.16
1005955 2232254 -36921 0.6
953235 1855412 -11736 0.15
927223 927626 60496 0.19
979492 2210442 -37494 0.10
953891 1871004 -11562 0.16
954383 1882698 -11388 0.15
954383 1882698 -11214 0.16
927563 933689 60931 0.19
953891 1871004 -11127 0.15
980424 2215413 -37313 0.11
1005543 2232837 -36572 0.6
953235 1855412 -10866 0.16
927563 933689 61279 0.19
952580 1839820 -10779 0.15
979458 2217425 -37151 0.10
927223 927626 61540 0.18
953235 1855412 -10518 0.16
953235 1855412 -10431 0.15
952580 1839820 -10257 0.16
1005259 2233426 -36312 0.6
926945 922665 61888 0.19
953235 1855412 -10083 0.15
927223 927626 62062 0.18
979492 2223599 -36977 0.10
952580 1839820 -9909 0.16
927223 927626 62323 0.19
953235 1855412 -9735 0.15
953745 1867539 -9474 0.16
953235 1855412 -9387 0.15
980591 2232093 -36710 0.11
1005259 2242150 -36052 0.6
927502 932586 62845 0.19
953745 1867539 -9126 0.16
979655 2235837 -36631 0.10
953745 1867539 -8952 0.15
927223 927626 63193 0.19
953745 1867539 -8691 0.16
1005848 2257843 -35885 0.6
953745 1867539 -8604 0.15
953235 1855412 -8430 0.16
927223 927626 63715 0.19
953891 1871004 -8343 0.15
979474 2236286 -36281 0.10
952580 1839820 -8082 0.16
927223 927626 64063 0.19
953891 1871004 -7995 0.15
953235 1855412 -7734 0.16
953235 1855412 -7647 0.15
1005769 2264120 -35449 0.6
927223 927626 64585 0.19
980557 2242283 -35753 0.11
953891 1871004 -7473 0.16
953235 1855412 -7299 0.15
927223 927626 64933 0.19
979433 2239812 -35502 0.10
953891 1871004 -7125 0.16
953235 1855412 -6951 0.15
953235 1855412 -6777 0.16
952580 1839820 -6690 0.15
927835 938539 65455 0.19
979247 2239109 -35155 0.10
953235 1855412 -6429 0.16
952580 1839820 -6342 0.15
928955 939673 65714 0.19
953235 1855412 -6081 0.16
954383 1882698 -5994 0.15
928003 922676 66149 0.19
980248 2243310 -34708 0.11
953891 1871004 -5820 0.16
1005642 2272826 -34492 0.6
953891 1871004 -5733 0.15
979445 2248810 -34633 0.10
953891 1871004 -5472 0.16
929463 929867 66494 0.19
952580 1839820 -5385 0.15
954355 1856533 -5214 0.16
954355 1856533 -5127 0.15
979247 2247833 -34200 0.10
955475 1857653 -4956 0.16
955475 1857653 -4869 0.15
954820 1842043 -4695 0.16
955475 1857653 -4521 0.15
1005409 2278550 -33707 0.6
981368 2253155 -33842 0.11
954820 1842043 -4347 0.16
956131 1873264 -4260 0.15
980775 2262111 -33678 0.10
956131 1873264 -4086 0.16
955475 1857653 -3999 0.15
955475 1857653 -3825 0.16
955475 1857653 -3738 0.15
1005259 2280327 -33363 0.7
955475 1857653 -3564 0.16
957005 1894078 -3477 0.15
981714 2262596 -33334 0.10
957005 1894078 -3303 0.16
955475 1857653 -3216 0.15
955475 1857653 -3042 0.16
955475 1857653 -2955 0.15
982831 2269351 -33067 0.11
955475 1857653 -2781 0.16
1007763 2293695 -33104 0.6
955475 1857653 -2694 0.15
981487 2263120 -32986 0.10
955475 1857653 -2520 0.16
956515 1858694 -2516 0.15
956515 1858694 -2342 0.16
956515 1858694 -2255 0.15
1007706 2297100 -32847 0.7
981753 2272197 -32726 0.10
957635 1859814 -2170 0.16
957635 1859814 -2083 0.15
957635 1859814 -1909 0.16
957635 1859814 -1822 0.15
982874 2279031 -32460 0.11
957635 1859814 -1648 0.16
957635 1859814 -1561 0.15
1007644 2301528 -32505 0.6
982527 2271764 -32372 0.10
957635 1859814 -1387 0.16
957635 1859814 -1300 0.15
957635 1859814 -1126 0.16
957635 1859814 -1039 0.15
1007731 2307404 -32329 0.7
983939 2282541 -32202 0.10
957635 1859814 -865 0.16
959165 1896281 -778 0.15
959165 1896281 -604 0.16
957635 1859814 -517 0.15
984648 2280448 -31936 0.11
957635 1859814 -343 0.16
957635 1859814 -256 0.15
1009965 2317462 -32243 0.6
983647 2281608 -31854 0.10
957635 1859814 -82 0.16
957635 1859814 5 0.15
957635 1859814 179 0.16
957635 1859814 266 0.15
1010169 2325428 -32067 0.7
983939 2291290 -31595 0.10
957635 1859814 440 0.16
957635 1859814 527 0.15
957635 1859814 701 0.16
957635 1859814 788 0.15
984648 2289172 -31328 0.11
957635 1859814 962 0.16
957635 1859814 1049 0.15
1009659 2321786 -31719 0.6
984157 2300514 -31164 0.10
957635 1859814 1223 0.16
957635 1859814 1310 0.15
957635 1859814 1484 0.16
957635 1859814 1571 0.15
1010169 2335311 -31549 0.7
983939 2298995 -30904 0.10
957635 1859814 1745 0.16
957635 1859814 1832 0.15
957635 1859814 2006 0.16
959165 1896281 2093 0.15
985060 2305862 -30638 0.11
959165 1896281 2267 0.16
957635 1859814 2354 0.15
1009829 2335721 -31285 0.6
983647 2298016 -30556 0.10
957635 1859814 2528 0.16
957635 1859814 2615 0.15
958755 1860935 2699 0.16
958755 1860935 2786 0.15
1009659 2337074 -31115 0.7
983939 2307743 -30297 0.10
958755 1860935 2960 0.16
959795 1861975 2964 0.15
959795 1861975 3138 0.16
959795 1861975 3225 0.15
985060 2314621 -30030 0.11
959795 1861975 3399 0.16
959795 1861975 3486 0.15
1009829 2345578 -30767 0.6
983647 2305619 -29859 0.10
959795 1861975 3660 0.16
959795 1861975 3747 0.15
959795 1861975 3921 0.16
959795 1861975 4008 0.15
1009659 2346838 -30590 0.7
986099 2317535 -29773 0.10
959795 1861975 4182 0.16
959795 1861975 4269 0.15
959795 1861975 4443 0.16
959795 1861975 4530 0.15
986808 2315344 -29506 0.11
959795 1861975 4704 0.16
961325 1898485 4791 0.15
1011289 2363755 -30422 0.6
985807 2316504 -29425 0.10
961325 1898485 4965 0.16
959795 1861975 5052 0.15
959795 1861975 5226 0.16
959795 1861975 5313 0.15
1012329 2369138 -30329 0.7
986099 2326284 -29165 0.10
959795 1861975 5487 0.16
960713 1883881 5661 0.16
959795 1861975 5835 0.16
986808 2324068 -28899 0.11
959795 1861975 6009 0.16
1011989 2368499 -29987 0.6
986317 2335581 -28734 0.10
959795 1861975 6183 0.16
959795 1861975 6357 0.16
959795 1861975 6531 0.16
985807 2327389 -28555 0.10
1012329 2379102 -29817 0.7
959795 1861975 6705 0.16
959795 1861975 6879 0.16
987037 2336751 -28463 0.11
959795 1861975 7053 0.16
985807 2332912 -28475 0.10
959795 1861975 7227 0.16
959795 1861975 7401 0.16
1011989 2379398 -29553 0.6
985399 2326952 -28383 0.10
959795 1861975 7575 0.16
959795 1861975 7749 0.16
1011819 2380694 -29557 0.7
986808 2340395 -28290 0.11
959795 1861975 7923 0.16
985807 2340515 -28213 0.10
960915 1863096 8007 0.16
960915 1863096 8181 0.16
1011819 2386136 -29470 0.6
986682 2363492 -28127 0.10
961955 1864136 8272 0.16
961955 1864136 8446 0.16
1011487 2384344 -29467 0.7
987426 2361891 -28035 0.11
961955 1864136 8620 0.16
986572 2366513 -28040 0.10
961955 1864136 8794 0.16
961955 1864136 8968 0.16
1012038 2401050 -29470 0.6
987802 2373420 -28044 0.10
961955 1864136 9142 0.16
961955 1864136 9316 0.16
1012584 2415469 -29468 0.7
989586 2372840 -28035 0.11
961955 1864136 9490 0.16
987967 2359004 -27951 0.10
961955 1864136 9664 0.16
961955 1864136 9838 0.16
1013449 2417429 -29477 0.6
987967 2362285 -27866 0.10
964251 1918964 10012 0.16
964251 1918964 10186 0.16
1014744 2427545 -29558 0.7
988968 2366567 -27773 0.11
961955 1864136 10360 0.16
987967 2367728 -27779 0.10
961037 1842205 10621 0.16
1014489 2429401 -29561 0.6
987967 2371009 -27693 0.10
961955 1864136 10882 0.16
961955 1864136 11056 0.17
1013979 2424234 -29558 0.7
988968 2375291 -27601 0.11
961955 1864136 11143 0.16
987967 2375411 -27523 0.10
961955 1864136 11317 0.17
961955 1864136 11404 0.16
961955 1864136 11578 0.17
1014489 2439285 -29478 0.6
961955 1864136 11665 0.16
988375 2388021 -27351 0.10
961955 1864136 11839 0.17
961955 1864136 11926 0.16
1013979 2434078 -29475 0.7
961955 1864136 12100 0.17
961955 1864136 12187 0.16
989236 2388989 -27078 0.11
961955 1864136 12361 0.17
961955 1864136 12448 0.16
1013979 2440641 -29478 0.6
987967 2384135 -27003 0.10
961955 1864136 12622 0.17
963485 1900688 12709 0.16
963485 1900688 12883 0.17
961955 1864136 12970 0.16
1013979 2444963 -29302 0.7
987967 2387417 -26743 0.10
961955 1864136 13144 0.17
961955 1864136 13231 0.16
961955 1864136 13405 0.17
961955 1864136 13492 0.16
988968 2391619 -26470 0.11
961955 1864136 13666 0.17
961955 1864136 13753 0.16
1014198 2454524 -28954 0.6
987967 2391739 -26306 0.10
961955 1864136 13927 0.17
961955 1864136 14014 0.16
961955 1864136 14188 0.17
961955 1864136 14275 0.16
1014263 2460156 -28784 0.7
988259 2401729 -26046 0.10
961955 1864136 14449 0.17
961955 1864136 14536 0.16
961955 1864136 14710 0.17
961955 1864136 14797 0.16
988968 2400343 -25863 0.11
961955 1864136 14971 0.17
961955 1864136 15058 0.16
1014362 2468530 -28519 0.6
988477 2414401 -25871 0.10
961955 1864136 15232 0.17
961955 1864136 15319 0.16
961955 1864136 15493 0.17
963485 1900688 15580 0.16
1014489 2475362 -28349 0.7
988259 2414811 -25784 0.10
963485 1900688 15754 0.17
961955 1864136 15841 0.16
961955 1864136 16015 0.17
961955 1864136 16102 0.16
989380 2424058 -25697 0.11
961955 1864136 16276 0.17
961955 1864136 16363 0.16
1014149 2477731 -28270 0.6
987967 2415750 -25616 0.10
961955 1864136 16537 0.17
961955 1864136 16624 0.16
961955 1864136 16798 0.17
961955 1864136 16885 0.16
1013979 2480980 -28267 0.7
988259 2427974 -25529 0.10
961955 1864136 17059 0.17
961955 1864136 17146 0.16
961955 1864136 17320 0.17
961955 1864136 17407 0.16
989380 2437155 -25435 0.11
961955 1864136 17581 0.17
961955 1864136 17668 0.16
1014149 2494080 -28271 0.6
987967 2429916 -25444 0.10
961955 1864136 17842 0.17
961955 1864136 17929 0.16
961955 1864136 18103 0.17
961955 1864136 18190 0.16
1013979 2497307 -28267 0.7
988259 2442180 -25357 0.10
961955 1864136 18364 0.17
963485 1900688 18451 0.16
963485 1900688 18625 0.17
961955 1864136 18712 0.16
988968 2441802 -25263 0.11
961955 1864136 18886 0.17
961955 1864136 18973 0.16
1014149 2509307 -28182 0.6
987967 2442962 -25182 0.10
961955 1864136 19147 0.17
961955 1864136 19234 0.16
961955 1864136 19408 0.17
961955 1864136 19495 0.16
1014489 2522447 -28185 0.7
988259 2455343 -25101 0.10
961955 1864136 19669 0.17
961955 1864136 19756 0.16
961955 1864136 19930 0.17
961955 1864136 20017 0.16
988968 2454928 -25008 0.11
961955 1864136 20191 0.17
961955 1864136 20278 0.16
1014489 2532250 -28183 0.6
988477 2469254 -25016 0.10
961955 1864136 20452 0.17
961955 1864136 20539 0.16
961955 1864136 20713 0.17
961955 1864136 20800 0.16
1014489 2538839 -28185 0.7
988259 2469549 -24929 0.10
961955 1864136 20974 0.17
961955 1864136 21061 0.16
961955 1864136 21235 0.17
963485 1900688 21322 0.16
989380 2478777 -24835 0.11
963485 1900688 21496 0.17
961955 1864136 21583 0.16
1014149 2541043 -28106 0.6
987967 2470255 -24754 0.10
961955 1864136 21757 0.17
961955 1864136 21844 0.16
961955 1864136 22018 0.17
961955 1864136 22105 0.16
1013979 2544209 -28103 0.7
988259 2482632 -24667 0.10
961955 1864136 22279 0.17
961955 1864136 22366 0.16
961955 1864136 22540 0.17
961955 1864136 22627 0.16
989380 2491874 -24574 0.11
961955 1864136 22801 0.17
961955 1864136 22888 0.16
1014149 2557392 -28107 0.6
987967 2484421 -24582 0.10
961955 1864136 23062 0.17
961955 1864136 23149 0.16
961955 1864136 23323 0.17
961955 1864136 23410 0.16
1013979 2560536 -28103 0.7
988259 2496838 -24495 0.10
961955 1864136 23584 0.17
961955 1864136 23671 0.16
963485 1900688 23845 0.17
961955 1864136 23932 0.16
988968 2496307 -24401 0.11
961955 1864136 24106 0.17
963485 1900688 24193 0.16
1014149 2572619 -28018 0.6
987967 2497547 -24327 0.10
961955 1864136 24367 0.17
961955 1864136 24454 0.16
961955 1864136 24628 0.17
961955 1864136 24715 0.16
1014489 2586005 -28027 0.7
988259 2510001 -24240 0.10
961955 1864136 24889 0.17
961955 1864136 24976 0.16
961955 1864136 25150 0.17
961955 1864136 25237 0.16
988968 2509433 -24146 0.11
961955 1864136 25411 0.17
961955 1864136 25498 0.16
1014149 2589048 -28025 0.6
988477 2524026 -24154 0.10
961955 1864136 25672 0.17
961955 1864136 25759 0.16
961955 1864136 25933 0.17
961955 1864136 26020 0.16
1014489 2602396 -28028 0.7
988259 2524207 -24068 0.10
961955 1864136 26194 0.17
961955 1864136 26281 0.16
961955 1864136 26455 0.17
961955 1864136 26542 0.16
989380 2533496 -23974 0.11
963485 1900688 26716 0.17
961955 1864136 26803 0.16
1014149 2604355 -27942 0.6
987967 2524760 -23893 0.10
961955 1864136 26977 0.17
963485 1900688 27064 0.16
961955 1864136 27238 0.17
961955 1864136 27325 0.16
1013979 2607438 -27939 0.7
987676 2523115 -23806 0.10
961955 1864136 27499 0.17
961955 1864136 27586 0.16
961955 1864136 27760 0.17
961955 1864136 27847 0.16
989380 2546673 -23718 0.11
961955 1864136 28021 0.17
961955 1864136 28108 0.16
1014149 2620704 -27943 0.6
987967 2538926 -23720 0.10
961955 1864136 28282 0.17
961955 1864136 28369 0.16
961955 1864136 28543 0.17
961955 1864136 28630 0.16
1013979 2623765 -27939 0.7
988259 2551576 -23640 0.10
961955 1864136 28804 0.17
961955 1864136 28891 0.16
961955 1864136 29065 0.17
961955 1864136 29152 0.16
988968 2550892 -23546 0.11
961955 1864136 29326 0.17
963485 1900688 29413 0.16
1014489 2642893 -27860 0.6
988477 2564562 -23465 0.10
963485 1900688 29587 0.17
961955 1864136 29674 0.16
961955 1864136 29848 0.17
961955 1864136 29935 0.16
1014489 2649482 -27863 0.7
988259 2564659 -23378 0.10
961955 1864136 30109 0.17
961955 1864136 30196 0.16
961955 1864136 30370 0.17
961955 1864136 30457 0.16
988968 2563938 -23284 0.11
961955 1864136 30631 0.17
961955 1864136 30718 0.16
1014149 2652359 -27861 0.6
988477 2578798 -23293 0.10
961955 1864136 30892 0.17
961955 1864136 30979 0.16
961955 1864136 31153 0.17
961955 1864136 31240 0.16
1013979 2655460 -27864 0.7
988259 2578865 -23206 0.10
961955 1864136 31414 0.17
961955 1864136 31501 0.16
961955 1864136 31675 0.17
961955 1864136 31762 0.16
989380 2588215 -23112 0.11
961955 1864136 31936 0.17
961955 1864136 32023 0.16
1014149 2667666 -27778 0.6
987967 2579345 -23037 0.10
961955 1864136 32197 0.17
963485 1900688 32284 0.16
963485 1900688 32458 0.17
961955 1864136 32545 0.16
1013979 2670667 -27775 0.7
987676 2577547 -22951 0.10
961955 1864136 32719 0.17
961037 1842205 32893 0.17
961955 1864136 33067 0.17
988968 2591230 -22857 0.11
961955 1864136 33241 0.17
1014149 2684015 -27779 0.6
987967 2593511 -22865 0.10
961955 1864136 33415 0.17
961955 1864136 33589 0.17
961955 1864136 33763 0.17
988579 2614242 -22865 0.10
1014489 2697612 -27782 0.7
961955 1864136 33937 0.17
961955 1864136 34111 0.17
989197 2611073 -22946 0.11
961955 1864136 34285 0.17
988579 2621890 -22951 0.10
961955 1864136 34459 0.17
961955 1864136 34633 0.17
1014489 2706370 -27696 0.6
988375 2622243 -23039 0.10
961955 1864136 34807 0.17
964251 1918964 34981 0.17
1014526 2713716 -27873 0.7
989530 2632445 -23119 0.11
964251 1918964 35155 0.17
987967 2620724 -23214 0.10
961955 1864136 35329 0.17
961955 1864136 35503 0.17
1014362 2720103 -28132 0.6
987967 2626166 -23301 0.10
961955 1864136 35677 0.17
961955 1864136 35851 0.17
1014312 2725642 -28309 0.7
988968 2631569 -23298 0.11
961955 1864136 36025 0.17
987967 2631689 -23221 0.10
961955 1864136 36199 0.17
961955 1864136 36373 0.17
1014198 2732077 -28491 0.6
987967 2634890 -23129 0.10
961955 1864136 36547 0.17
961955 1864136 36721 0.17
1013979 2733976 -28661 0.7
988968 2639172 -23036 0.11
961955 1864136 36895 0.17
987967 2640413 -23049 0.10
961955 1864136 37069 0.17
961955 1864136 37243 0.17
1013979 2740539 -28664 0.6
987967 2643614 -22957 0.10
961955 1864136 37417 0.17
961955 1864136 37591 0.17
1013979 2744861 -28662 0.7
988968 2647896 -22864 0.11
961955 1864136 37765 0.17
987967 2648016 -22787 0.10
961955 1864136 37939 0.17
961955 1864136 38113 0.17
1013979 2750303 -28575 0.6
987967 2651298 -22701 0.10
961955 1864136 38287 0.17
961955 1864136 38461 0.17
1013979 2754705 -28579 0.7
988968 2655580 -22608 0.11
961955 1864136 38635 0.17
987967 2656740 -22614 0.10
961955 1864136 38809 0.17
961955 1864136 38983 0.17
1013979 2761188 -28575 0.6
988842 2682375 -22529 0.10
961955 1864136 39157 0.17
961955 1864136 39331 0.17
1013979 2765590 -28579 0.7
989586 2679976 -22436 0.11
961955 1864136 39505 0.17
988732 2683935 -22352 0.10
961955 1864136 39679 0.17
961955 1864136 39853 0.17
1014489 2781980 -28499 0.6
988842 2690042 -22267 0.10
961955 1864136 40027 0.17
961955 1864136 40201 0.17
1014744 2791681 -28490 0.7
989586 2687625 -22174 0.11
961955 1864136 40375 0.17
987967 2673068 -22180 0.10
964251 1918964 40549 0.17
964251 1918964 40723 0.17
1014489 2792908 -28499 0.6
987967 2676349 -22094 0.10
961955 1864136 40897 0.17
961955 1864136 41071 0.17
1014744 2802630 -28490 0.7
988968 2680631 -22002 0.11
961955 1864136 41245 0.17
987967 2680751 -21924 0.10
961955 1864136 41419 0.17
961955 1864136 41593 0.17
1014489 2802711 -28410 0.6
987967 2684033 -21839 0.10
961955 1864136 41767 0.17
961955 1864136 41941 0.17
1013979 2796165 -28414 0.7
988968 2688235 -21740 0.11
961955 1864136 42115 0.17
987967 2689475 -21752 0.10
961955 1864136 42289 0.17
961955 1864136 42463 0.17
1013979 2802647 -28410 0.6
987967 2692757 -21666 0.10
961955 1864136 42637 0.17
961955 1864136 42811 0.17
1013979 2807050 -28414 0.7
988968 2696959 -21567 0.11
961955 1864136 42985 0.17
987967 2697079 -21490 0.10
961955 1864136 43159 0.17
961955 1864136 43333 0.17
1013979 2812492 -28328 0.6
987967 2700360 -21404 0.10
961955 1864136 43507 0.17
961955 1864136 43681 0.17
1013979 2816814 -28325 0.7
988968 2704642 -21312 0.11
961955 1864136 43855 0.17
987967 2705803 -21317 0.10
961955 1864136 44029 0.17
961955 1864136 44203 0.17
1013979 2823377 -28328 0.6
987967 2709084 -21232 0.10
961955 1864136 44377 0.17
961955 1864136 44551 0.17
1013979 2827699 -28326 0.7
989586 2729327 -21139 0.11
961955 1864136 44725 0.17
988732 2733358 -21055 0.10
961955 1864136 44899 0.17
961955 1864136 45073 0.17
1013979 2833222 -28245 0.6
988842 2739517 -20970 0.10
961955 1864136 45247 0.17
961955 1864136 45421 0.17
1014744 2854315 -28249 0.7
989586 2736976 -20877 0.11
961955 1864136 45595 0.17
988732 2742146 -20883 0.10
961955 1864136 45769 0.17
961955 1864136 45943 0.17
1014489 2855260 -28246 0.6
987967 2725412 -20797 0.10
964251 1918964 46117 0.17
964251 1918964 46291 0.17
1014744 2865264 -28250 0.7
988968 2729694 -20705 0.11
961955 1864136 46465 0.17
987967 2729814 -20627 0.10
961955 1864136 46639 0.17
961955 1864136 46813 0.17
1014489 2865143 -28163 0.6
987967 2733096 -20542 0.10
961955 1864136 46987 0.17
961955 1864136 47161 0.17
1013979 2858273 -28160 0.7
988968 2737377 -20449 0.11
961955 1864136 47335 0.17
987967 2738538 -20455 0.10
961955 1864136 47509 0.17
961955 1864136 47683 0.17
1014489 2876071 -28163 0.6
987967 2741820 -20369 0.10
961955 1864136 47857 0.17
961955 1864136 48031 0.17
1013979 2869158 -28161 0.7
988968 2746101 -20277 0.11
961955 1864136 48205 0.17
987967 2746142 -20193 0.10
961955 1864136 48379 0.17
961955 1864136 48553 0.17
1013979 2874601 -28074 0.6
987967 2749423 -20107 0.10
961955 1864136 48727 0.17
961955 1864136 48901 0.17
1013979 2879003 -28078 0.7
961955 1864136 49075 0.17
988968 2755866 -20014 0.11
961955 1864136 49249 0.17
987967 2755986 -19936 0.10
961955 1864136 49423 0.17
1013979 2885486 -28074 0.6
961955 1864136 49597 0.17
961955 1864136 49771 0.17
1013979 2889888 -28078 0.7
987967 2761429 -19849 0.10
961955 1864136 49945 0.17
961955 1864136 50119 0.17
988842 2787943 -19764 0.12
961955 1864136 50293 0.17
989443 2779270 -19666 0.11
936037 938028 122526 0.18
961955 1864136 50467 0.17
1013979 2897571 -27997 0.6
988524 2782794 -19678 0.10
961955 1864136 50641 0.17
961955 1864136 50815 0.17
988842 2793431 -19503 0.12
961955 1864136 50989 0.17
1014617 2917244 -27910 0.7
988579 2787575 -19419 0.10
961955 1864136 51163 0.17
961955 1864136 51337 0.17
987967 2773434 -19243 0.12
989409 2787137 -19146 0.11
962873 1886067 51598 0.17
1014404 2920129 -27822 0.6
988524 2790438 -19068 0.10
962873 1886067 51772 0.17
961955 1864136 51946 0.17
987967 2777756 -18893 0.12
961955 1864136 52120 0.17
1014526 2927187 -27646 0.7
987967 2778877 -18809 0.10
961955 1864136 52294 0.17
961955 1864136 52468 0.17
961955 1864136 52642 0.17
988375 2791944 -18546 0.12
989181 2788804 -18455 0.11
1014362 2929051 -27391 0.6
988233 2790317 -18371 0.10
988375 2796363 -18202 0.12
1013715 2918931 -27134 0.7
988259 2794285 -18112 0.10
987497 2776102 -18030 0.12
989197 2796842 -18019 0.11
987967 2790882 -18029 0.10
987287 2774788 -18027 0.12
1014513 2942252 -26867 0.6
987967 2794164 -18030 0.10
988842 2819823 -18029 0.12
988643 2789782 -18024 0.11
987967 2798486 -18028 0.10
1014243 2940581 -26697 0.7
988842 2824181 -18026 0.12
987967 2800647 -17939 0.10
987093 2777112 -17765 0.12
1014175 2944505 -26784 0.6
988968 2801647 -17671 0.11
987411 2785670 -17591 0.10
1014344 2952640 -26869 0.7
987093 2777112 -17417 0.12
987967 2800647 -17330 0.10
988842 2824181 -17156 0.12
1013979 2949915 -26962 0.6
989851 2825190 -17062 0.11
988842 2824181 -16982 0.10
1013979 2951996 -26868 0.7
988842 2824181 -16808 0.12
988842 2824181 -16721 0.10
988842 2824181 -16547 0.12
1013979 2954237 -26699 0.6
988968 2802768 -16543 0.11
988842 2825311 -16463 0.10
1015072 2981242 -26611 0.7
988842 2825311 -16289 0.12
988213 2779334 -16292 0.10
988213 2780445 -16207 0.12
1014344 2966846 -26436 0.6
990088 2805009 -16113 0.11
989087 2804008 -15946 0.12
1013979 2960720 -26347 0.7
990311 2836996 -15772 0.12
990088 2805009 -15678 0.11
1014344 2972384 -26268 0.6
987863 2772048 -15594 0.12
987863 2772048 -15420 0.12
1015099 2967363 -26270 0.7
990088 2806049 -15326 0.11
990311 2838049 -15159 0.12
1015099 2970645 -26271 0.6
990311 2838049 -14985 0.12
1015099 2972806 -26270 0.7
991324 2839061 -14891 0.11
990311 2838049 -14724 0.12
1015099 2975047 -26188 0.6
990311 2838049 -14550 0.12
1015099 2978248 -26270 0.7
990088 2806049 -14456 0.11
987863 2772048 -14289 0.12
1015099 2980409 -26182 0.6
987863 2772048 -14115 0.12
1015099 2982570 -26181 0.7
990088 2806049 -14021 0.11
990311 2838049 -13854 0.12
1015609 2996516 -26099 0.6
990311 2839183 -13770 0.12
1015099 2986972 -26098 0.7
990088 2807170 -13676 0.11
987863 2773155 -13509 0.12
1015609 3000855 -26009 0.6
987863 2773155 -13335 0.12
1016629 3026486 -26008 0.7
990088 2808290 -13331 0.11
990311 2840317 -13164 0.12
1015609 3005275 -25926 0.6
990311 2840317 -12990 0.12
1015099 2995696 -25925 0.7
990088 2808290 -12896 0.11
987863 2775291 -12812 0.12
1015609 3010738 -25927 0.6
987863 2775291 -12638 0.12
1015099 3001139 -25925 0.7
990088 2809331 -12544 0.11
990311 2841369 -12377 0.12
1014589 2992718 -25933 0.6
990311 2841369 -12203 0.12
1015099 3006661 -25932 0.7
991324 2842382 -12109 0.11
990311 2841369 -11942 0.12
1015609 3020622 -25844 0.6
990311 2841369 -11768 0.12
1015099 3012024 -25926 0.7
990088 2809331 -11674 0.11
987863 2775291 -11507 0.12
1014589 3002444 -25844 0.6
987863 2775291 -11333 0.12
1016629 3051913 -25843 0.7
990088 2809331 -11239 0.11
990311 2841369 -11072 0.12
1015609 3030424 -25755 0.6
990311 2841369 -10898 0.12
1015099 3020748 -25753 0.7
990088 2810451 -10893 0.11
987863 2776398 -10726 0.12
1015609 3034844 -25672 0.6
937164 939283 134877 0.18
987863 2776398 -10552 0.12
1015099 3025150 -25670 0.7
990088 2811492 -10542 0.11
990311 2843556 -10375 0.12
1015609 3039183 -25582 0.6
990311 2843556 -10201 0.12
1015099 3028431 -25498 0.7
937160 939216 135486 0.18
990088 2811492 -10107 0.11
987863 2778534 -10029 0.12
1015609 3042477 -25410 0.6
990311 2844689 -9855 0.12
1015099 3031713 -25325 0.7
990088 2812612 -9761 0.11
990311 2844689 -9594 0.12
1014589 3021976 -25237 0.6
987863 2778534 -9420 0.12
1015099 3034914 -25146 0.7
991324 2845702 -9326 0.11
990311 2844689 -9159 0.12
1015609 3047941 -24975 0.6
990311 2844689 -8985 0.12
1015099 3038276 -24980 0.7
990088 2812612 -8891 0.11
1015609 3051235 -24802 0.6
989087 2811612 -8637 0.12
1016629 3076207 -24718 0.7
989087 2811612 -8463 0.12
989526 2797571 -8369 0.11
1015609 3053405 -24540 0.6
989087 2811612 -8115 0.12
1015099 3042598 -24456 0.7
989087 2811612 -7941 0.12
990088 2812612 -7847 0.11
1015099 3043718 -24197 0.6
987863 2779641 -7770 0.12
937162 939253 138096 0.19
1014404 3028477 -24106 0.7
987863 2779641 -7596 0.12
990650 2828779 -7502 0.11
1015099 3045879 -23935 0.6
990311 2846876 -7418 0.12
937155 939121 138531 0.19
990311 2846876 -7244 0.12
1015099 3047000 -23764 0.7
991324 2847888 -7150 0.11
990311 2848010 -7073 0.12
1015549 3059711 -23675 0.6
990311 2848010 -6899 0.12
1015795 3066593 -23591 0.7
990088 2815894 -6805 0.11
987863 2781777 -6638 0.12
1015099 3052362 -23496 0.6
987863 2781777 -6464 0.12
1015099 3053483 -23412 0.7
990088 2815894 -6370 0.11
990311 2848010 -6203 0.12
1015099 3054603 -23241 0.6
990311 2848010 -6029 0.12
1015099 3056764 -23239 0.7
990088 2815894 -5935 0.11
1015609 3069876 -23068 0.6
989087 2814893 -5681 0.12
1016629 3094994 -22984 0.7
989087 2814893 -5507 0.12
990088 2815894 -5326 0.11
1015609 3072046 -22806 0.6
989087 2814893 -5159 0.12
1015099 3061166 -22721 0.7
989087 2814893 -4985 0.12
990088 2815894 -4891 0.11
1015099 3062207 -22457 0.6
988983 2782884 -4813 0.12
1014404 3046946 -22372 0.7
991431 2849143 -4639 0.12
991208 2817014 -4545 0.11
991431 2849143 -4378 0.12
1014649 3053844 -22114 0.6
990023 2783912 -4287 0.12
1015099 3065488 -22023 0.7
993484 2851208 -4193 0.11
992471 2850196 -4026 0.12
1016669 3078344 -21941 0.6
992471 2850196 -3852 0.12
1016915 3085261 -21857 0.7
992248 2818055 -3758 0.11
990023 2783912 -3591 0.12
1017176 3092463 -21679 0.6
990023 2783912 -3417 0.12
1018789 3108193 -21678 0.7
992248 2818055 -3323 0.11
992471 2850196 -3156 0.12
1017769 3085143 -21500 0.6
992471 2850196 -2982 0.12
1017259 3074212 -21416 0.7
992248 2818055 -2888 0.11
990023 2783912 -2721 0.12
1017769 3087393 -21244 0.6
990023 2783912 -2547 0.12
1017259 3076373 -21153 0.7
940439 942481 143402 0.19
992248 2818055 -2453 0.11
992471 2850196 -2286 0.12
1016749 3065425 -20982 0.6
992471 2850196 -2112 0.12
1017259 3078614 -20898 0.7
940439 942481 143837 0.19
992248 2818055 -2018 0.11
992471 2850196 -1851 0.12
1017769 3091732 -20720 0.6
992471 2850196 -1677 0.12
1017259 3080775 -20635 0.7
992248 2818055 -1583 0.11
990023 2783912 -1416 0.12
1016749 3069730 -20458 0.6
991143 2785020 -1332 0.12
1017259 3082936 -20373 0.7
994604 2852342 -1238 0.11
993591 2851330 -1071 0.12
1017769 3096151 -20202 0.6
993591 2851330 -897 0.12
1017259 3085097 -20111 0.7
993368 2819175 -803 0.11
991143 2785020 -636 0.12
1017769 3098321 -19940 0.6
1019909 3124794 -19945 0.7
992367 2818175 -375 0.12
992806 2804099 -281 0.11
1018889 3101615 -19767 0.6
993242 2841857 -27 0.12
1018379 3090620 -19683 0.7
992367 2818175 147 0.12
993368 2819175 241 0.11
1018889 3103784 -19505 0.6
991143 2785020 408 0.12
1017684 3076242 -19333 0.7
991143 2785020 582 0.12
993930 2834251 676 0.11
1018379 3093901 -19162 0.6
993591 2851330 843 0.12
993591 2851330 1017 0.12
1018379 3094942 -18984 0.7
994604 2852342 1111 0.11
993591 2851330 1278 0.12
1018829 3106775 -18813 0.6
993591 2851330 1452 0.12
1019075 3112619 -18639 0.7
993368 2819175 1546 0.11
991143 2785020 1713 0.12
1018829 3106775 -18378 0.6
991143 2785020 1887 0.12
1019909 3132487 -18204 0.7
993368 2819175 1981 0.11
993591 2851330 2148 0.12
1018379 3096062 -17943 0.6
993591 2851330 2322 0.12
1018379 3096062 -17769 0.7
993368 2819175 2416 0.11
991143 2785020 2583 0.12
1018889 3108204 -17508 0.6
991143 2785020 2757 0.12
1018379 3096062 -17334 0.7
993368 2819175 2851 0.11
940439 942481 148970 0.19
993591 2851330 3018 0.12
1017869 3083921 -17073 0.6
993591 2851330 3192 0.12
1018379 3096062 -16899 0.7
993368 2819175 3286 0.11
991143 2785020 3453 0.12
1018889 3108204 -16638 0.6
940485 943306 149492 0.19
993591 2851330 3627 0.12
1018379 3096062 -16464 0.7
993368 2819175 3721 0.11
993591 2851330 3888 0.12
1017869 3083921 -16203 0.6
991143 2785020 4062 0.12
1018379 3096062 -16029 0.7
994604 2852342 4156 0.11
1018889 3108204 -15768 0.6
992367 2818175 4410 0.12
1018379 3096062 -15594 0.7
993242 2841857 4671 0.12
993368 2819175 4765 0.11
1018889 3108204 -15333 0.6
991493 2794492 4932 0.13
1019909 3132487 -15159 0.7
992367 2818175 5106 0.12
1018889 3108204 -14898 0.6
992367 2818175 5280 0.13
992367 2818175 5367 0.12
992956 2808119 5461 0.11
1019075 3112619 -14637 0.7
993047 2836594 5715 0.13
992367 2818175 5802 0.12
1018829 3106775 -14289 0.6
992367 2818175 5976 0.13
992367 2818175 6063 0.12
993368 2819175 6157 0.11
1018379 3096062 -13941 0.7
993242 2841857 6324 0.13
993242 2841857 6411 0.12
993242 2841857 6585 0.13
1018015 3087390 -13506 0.6
993242 2841857 6672 0.12
993780 2830231 6766 0.11
1018379 3096062 -13245 0.7
991493 2794492 6933 0.13
993242 2841857 7020 0.12
993242 2841857 7194 0.13
1018712 3103981 -12897 0.6
991493 2794492 7281 0.12
994251 2842866 7375 0.11
1018889 3108204 -12636 0.7
993242 2841857 7542 0.13
991493 2794492 7629 0.12
991493 2794492 7803 0.13
1018712 3103981 -12288 0.6
993242 2841857 7890 0.12
993368 2819175 7984 0.11
1018379 3096062 -12027 0.7
991493 2794492 8151 0.13
993242 2841857 8238 0.12
993242 2841857 8412 0.13
1018744 3104735 -11679 0.6
991493 2794492 8499 0.12
993368 2819175 8593 0.11
1018379 3096062 -11418 0.7
993242 2841857 8760 0.13
991493 2794492 8847 0.12
991493 2794492 9021 0.13
1018744 3104735 -11070 0.6
993242 2841857 9108 0.12
994251 2842866 9202 0.11
993242 2841857 9369 0.13
993242 2841857 9456 0.12
993242 2841857 9630 0.13
1018379 3098223 -10634 0.7
993242 2841857 9717 0.12
993368 2819175 9811 0.11
1018379 3099344 -10462 0.6
991493 2793461 10061 0.13
993242 2839678 10238 0.12
993242 2837498 10585 0.13
991493 2789096 10761 0.12
993368 2812692 10938 0.11
1018744 3110193 -10026 0.7
993242 2833059 11285 0.13
991493 2784810 11455 0.12
991493 2781556 11891 0.13
1018926 3115662 -9768 0.6
993242 2826522 12151 0.12
993368 2801727 12424 0.11
1018744 3109149 -9334 0.8
991493 2772905 12937 0.13
993242 2817644 13203 0.12
993242 2813286 13723 0.13
1018744 3105858 -8723 0.7
991493 2764255 13982 0.12
993368 2786520 14249 0.11
1018626 3100895 -8290 0.6
993242 2804488 14768 0.13
993242 2802309 15028 0.12
993242 2797951 15548 0.13
1018744 3095986 -7327 0.8
993242 2795691 15814 0.12
994251 2794521 16081 0.11
1018015 3073343 -6637 0.7
993242 2789073 16600 0.13
991493 2740445 16859 0.12
991493 2736080 17385 0.13
1018379 3074212 -5669 0.6
993242 2780356 17639 0.12
993368 2755946 17912 0.11
1018744 3077366 -4972 0.8
991493 2727509 18425 0.13
993242 2771478 18691 0.12
993242 2767120 19210 0.13
1018744 3069821 -4023 0.7
991493 2718779 19477 0.12
993368 2740739 19737 0.11
1018626 3061522 -3320 0.6
993242 2758323 20256 0.13
991493 2710208 20516 0.12
989333 2703700 21215 0.13
1018744 3056658 -2364 0.8
989962 2746216 21564 0.12
988968 2720970 21927 0.11
1018744 3051201 -1668 0.7
984933 2690684 22612 0.13
985642 2733061 22955 0.12
983402 2726362 23660 0.13
1018379 3034994 -706 0.6
980613 2677748 24003 0.12
981368 2698159 24360 0.11
1017624 3036914 80 0.8
979082 2713287 25045 0.13
977962 2709897 25401 0.12
975802 2704489 26004 0.13
1013304 3024955 1382 0.7
974682 2702230 26270 0.12
974651 2699929 26626 0.11
1009906 3013489 2340 0.6
971402 2692302 27318 0.13
968613 2644256 27661 0.12
966453 2637748 28360 0.13
1005624 3004088 3655 0.8
967082 2679147 28709 0.12
966088 2654539 29066 0.11
1002424 2995419 4607 0.7
962053 2624732 29758 0.13
962682 2665910 30107 0.12
960522 2659292 30806 0.13
997659 2977208 5742 0.6
957733 2611796 31149 0.12
958488 2631649 31505 0.11
994744 2976799 6701 0.8
956202 2646137 32197 0.13
953333 2598780 32546 0.12
951173 2592352 33239 0.13
990424 2964760 8009 0.7
951802 2632900 33595 0.12
950888 2608758 33945 0.11
987026 2953428 8961 0.6
946773 2579336 34636 0.13
947482 2619745 34986 0.12
945242 2613126 35685 0.13
982015 2927525 10275 0.8
944202 2609898 36028 0.12
943208 2585788 36390 0.11
979464 2935224 11234 0.7
940922 2599971 37076 0.13
939802 2596662 37425 0.12
937642 2590044 38124 0.13
975257 2925816 12536 0.6
934773 2543622 38473 0.12
936491 2584515 38823 0.11
971864 2914436 13501 0.8
933322 2576888 39515 0.13
930453 2530686 39865 0.12
928293 2524178 40563 0.13
967544 2902477 14802 0.7
928922 2563652 40913 0.12
927928 2540007 41269 0.11
964146 2891121 15761 0.6
923893 2511162 41961 0.13
924602 2550496 42304 0.12
922362 2543878 43003 0.13
959864 2881609 17075 0.8
919573 2498226 43352 0.12
920328 2517116 43709 0.11
956584 2872941 18027 0.7
918042 2530722 44394 0.13
915173 2485210 44750 0.12
913013 2478782 45442 0.13
952377 2863399 19335 0.6
913642 2517486 45792 0.12
912728 2494226 46148 0.11
948255 2836220 20294 0.8
910362 2507559 46840 0.13
909322 2504330 47183 0.12
907162 2497712 47882 0.13
943855 2824248 21602 0.7
906042 2494403 48231 0.12
905048 2471335 48587 0.11
941266 2828815 22561 0.6
901013 2443068 49279 0.13
901642 2481167 49629 0.12
899482 2474548 50327 0.13
936984 2819327 23869 0.8
896693 2430131 50670 0.12
898331 2469020 51027 0.11
933704 2810578 24827 0.7
895162 2461393 51719 0.13
892293 2417116 52068 0.12
891173 2411719 52677 0.13
929497 2800982 26135 0.6
891882 2449286 53027 0.12
890888 2426595 53383 0.11
926104 2789871 27087 0.8
886853 2398783 54068 0.13
887482 2436050 54424 0.12
885322 2429513 55117 0.13
921704 2777752 28402 0.7
882453 2385767 55466 0.12
883288 2403704 55822 0.11
918306 2766508 29360 0.6
881002 2416357 56508 0.13
878133 2372830 56857 0.12
877722 2406430 57556 0.13
915224 2758168 30572 0.8
876602 2403121 57905 0.12
876491 2400820 58262 0.11
911215 2733980 31537 0.7
873322 2393193 58954 0.13
872282 2389965 59297 0.12
868293 2343545 60002 0.13
907179 2729654 32845 0.6
869002 2380038 60345 0.12
868008 2357923 60701 0.11
904264 2728552 33804 0.8
863973 2330609 61393 0.13
864602 2366801 61742 0.12
862442 2360264 62435 0.13
899944 2716512 35112 0.7
859573 2317593 62791 0.12
860408 2335033 63141 0.11
896546 2705404 36064 0.6
858042 2347028 63832 0.13
855253 2304657 64182 0.12
853093 2298228 64874 0.13
892264 2695725 37379 0.8
853722 2333872 65224 0.12
852728 2312062 65586 0.11
889064 2687057 38331 0.7
848693 2285212 66272 0.13
849322 2320636 66621 0.12
847162 2314018 67320 0.13
884299 2667545 39639 0.6
844373 2272276 67663 0.12
845128 2289252 68019 0.11
881384 2666189 40604 0.8
842842 2300862 68711 0.13
841722 2297553 69061 0.12
839562 2290935 69759 0.13
877064 2654230 41905 0.7
838442 2287626 70109 0.12
838411 2285406 70459 0.11
873666 2643098 42864 0.6
835162 2277698 71157 0.13
832373 2236562 71500 0.12
830133 2230054 72199 0.13
868655 2618651 44178 0.8
830842 2264543 72548 0.12
829848 2243390 72905 0.11
866104 2624694 45131 0.7
825813 2217118 73590 0.13
826442 2251306 73946 0.12
824282 2244769 74638 0.13
861419 2605357 46439 0.6
821413 2204102 74988 0.12
822248 2220500 75344 0.11
858504 2603906 47397 0.8
819962 2231613 76029 0.13
817093 2191166 76379 0.12
814933 2184658 77078 0.13
854184 2591947 48699 0.7
815562 2218377 77427 0.12
814568 2197609 77783 0.11
850786 2580791 49664 0.6
810533 2171642 78475 0.13
811242 2205221 78818 0.12
809002 2198522 79523 0.13
846504 2571080 50972 0.8
807962 2195294 79866 0.12
806968 2174719 80223 0.11
843224 2562331 51930 0.7
804682 2185367 80915 0.13
803562 2182058 81264 0.12
801402 2175520 81956 0.13
839017 2552518 53238 0.6
798533 2135928 82312 0.12
800251 2169911 82662 0.11
834895 2527425 54191 0.8
797002 2162284 83354 0.13
794213 2122992 83703 0.12
792053 2116563 84396 0.13
831224 2529504 55505 0.7
792682 2149128 84745 0.12
791688 2128858 85108 0.11
827906 2518565 56457 0.6
787653 2103548 85793 0.13
788282 2135892 86143 0.12
786122 2129274 86842 0.13
823624 2508797 57765 0.8
784732 2099784 87192 0.11
781967 2101685 87890 0.13
820344 2499968 58730 0.7
778583 2070553 88582 0.13
780250 2104113 88939 0.11
816137 2490181 60032 0.6
777751 2109891 89630 0.13
775591 2103332 90323 0.13
812744 2479261 60990 0.8
774248 2076514 90686 0.11
772311 2093372 91371 0.13
809099 2463612 61949 0.7
770151 2086732 92070 0.13
807203 2463155 62558 0.6
768808 2060186 92426 0.11
764423 2028553 93112 0.13
803659 2449365 63523 0.8
762263 2022068 93810 0.13
801049 2435546 64126 0.7
764604 2067904 94167 0.11
761431 2060252 94859 0.13
798503 2440584 65085 0.6
759271 2053692 95551 0.13
796489 2439285 65700 0.8
757928 2027531 95907 0.11
753543 1996203 96599 0.13
793289 2430607 66652 0.7
751303 1989718 97298 0.13
791049 2425063 67268 0.6
752488 2011124 97654 0.11
750551 2027213 98340 0.13
787769 2416304 68227 0.8
748311 2020491 99045 0.13
785609 2410840 68836 0.7
747048 1994796 99395 0.11
742583 1963854 100087 0.13
782329 2402002 69801 0.6
740423 1957368 100786 0.13
780169 2396618 70404 0.8
741608 1978469 101136 0.11
739591 1994011 101834 0.13
775869 2368089 71452 0.7
737431 1987452 102526 0.13
773709 2361631 72144 0.6
737324 1985144 102883 0.11
734151 1977492 103574 0.13
771449 2370344 73192 0.8
731991 1970933 104267 0.13
769289 2363755 73891 0.7
730648 1945654 104630 0.11
726263 1915368 105315 0.13
764989 2335562 74933 0.6
725143 1909911 105931 0.13
763849 2347363 75632 0.8
726328 1930447 106281 0.11
724391 1945586 106966 0.13
760569 2337480 76680 0.7
722151 1938865 107671 0.13
758409 2330972 77372 0.6
720888 1914119 108021 0.11
716423 1884047 108719 0.13
755129 2321089 78421 0.8
714263 1877640 109412 0.13
754009 2315625 79030 0.7
715448 1897792 109762 0.11
713431 1912385 110460 0.13
749631 2286343 80078 0.8
711271 1905826 111152 0.13
748059 2290172 80777 0.7
709928 1881304 111515 0.11
705543 1851776 112201 0.13
744779 2280407 81819 0.8
703383 1845290 112899 0.13
742619 2273844 82517 0.7
704488 1864977 113256 0.11
702551 1879346 113941 0.13
739339 2264000 83566 0.8
700391 1872706 114640 0.13
737179 2257517 84258 0.7
700284 1870398 114996 0.11
697111 1862745 115688 0.13
733899 2247672 85306 0.8
694951 1856186 116381 0.13
731739 2241189 85999 0.7
693608 1832322 116737 0.11
689223 1803290 117429 0.13
729989 2257596 87047 0.8
687063 1796884 118121 0.13
727749 2250875 87752 0.7
688168 1815914 118484 0.11
686231 1829706 119169 0.13
723019 2215017 88787 0.8
683991 1822985 119875 0.13
720779 2208374 89493 0.7
682728 1799587 120225 0.11
678343 1771020 120910 0.13
717499 2198530 90541 0.8
676103 1764455 121615 0.13
715339 2192047 91233 0.7
677288 1783259 121965 0.11
675271 1796505 122663 0.13
712059 2182202 92281 0.8
673111 1789946 123356 0.13
709899 2175719 92974 0.7
671848 1766932 123706 0.11
669831 1779986 124404 0.13
706619 2165875 94022 0.8
667671 1773426 125096 0.13
704459 2159312 94721 0.7
666328 1750444 125459 0.11
661943 1722455 126145 0.13
701179 2149547 95763 0.8
659783 1715969 126843 0.13
699019 2142984 96461 0.7
662124 1754518 127200 0.11
660071 1748080 127796 0.13
695739 2133140 97510 0.8
657831 1741359 128501 0.13
693579 2126657 98202 0.7
656568 1718909 128851 0.11
652183 1691212 129543 0.13
691829 2141716 99250 0.8
649943 1684727 130241 0.13
689669 2135157 99943 0.7
651128 1702582 130591 0.11
649111 1714879 131290 0.13
685899 2101525 100908 0.8
646951 1708320 131982 0.13
683739 2094962 101606 0.7
645688 1686174 132338 0.11
642343 1659970 132941 0.13
680459 2085198 102648 0.8
640183 1653484 133639 0.13
678299 2078635 103347 0.7
641288 1670887 133996 0.11
639351 1682973 134681 0.13
675019 2068790 104395 0.8
638231 1677386 135297 0.13
672859 2062307 105088 0.7
638204 1675159 135647 0.11
634951 1667426 136345 0.13
669579 2052463 106136 0.8
632791 1660866 137037 0.13
668459 2047020 106745 0.7
631448 1639273 137394 0.11
627063 1612513 138086 0.13
665179 2037176 107793 0.8
624903 1606106 138778 0.13
663019 2030613 108492 0.7
626008 1622865 139141 0.11
624071 1634386 139826 0.13
660859 2021969 109444 0.8
621911 1627746 140525 0.13
658699 2015406 110143 0.7
620568 1606538 140881 0.11
616183 1580242 141567 0.13
656949 2029156 111191 0.8
614023 1573756 142266 0.13
654789 2022597 111884 0.7
615128 1590210 142622 0.11
613191 1601266 143314 0.13
649979 1989234 112932 0.8
611031 1594707 144006 0.13
647739 1982671 113631 0.7
609688 1573883 144363 0.11
605303 1547892 145054 0.13
644539 1972906 114672 0.8
603063 1541406 145753 0.13
642299 1966263 115378 0.7
604248 1557475 146110 0.11
602311 1568227 146795 0.13
639019 1956499 116419 0.8
600071 1561506 147500 0.13
636859 1949936 117118 0.7
601084 1560332 147767 0.11
597911 1552760 148452 0.13
633579 1940091 118166 0.8
595751 1546120 149151 0.13
631419 1933608 118859 0.7
594408 1525861 149508 0.11
590023 1500435 150199 0.13
629669 1946396 119907 0.8
587863 1494028 150892 0.13
627509 1939837 120599 0.7
588968 1509533 151248 0.11
587031 1519640 151940 0.13
623819 1908557 121558 0.8
585911 1514133 152549 0.13
621579 1901914 122263 0.7
584648 1494246 152906 0.11
580183 1469192 153597 0.13
618379 1892229 123299 0.8
578023 1462707 154296 0.13
616139 1885586 124004 0.7
580248 1478959 154563 0.11
578311 1488787 155249 0.13
612859 1875742 125052 0.8
576151 1482147 155947 0.13
611819 1870379 125655 0.7
574808 1462632 156304 0.11
570423 1437950 156995 0.13
608539 1860535 126703 0.8
570631 1465546 157694 0.13
606379 1854052 127395 0.7
569368 1446304 158044 0.11
567431 1455667 158736 0.13
604139 1845248 128360 0.8
562743 1415329 159435 0.13
601979 1838684 129059 0.7
565164 1446719 159791 0.11
561911 1439066 160483 0.13
598699 1828920 130101 0.8
559751 1432426 161182 0.13
596539 1822357 130800 0.7
556367 1409287 161874 0.13
594789 1833836 131848 0.8
554207 1402724 162573 0.13
592629 1827277 132540 0.7
551967 1396161 163272 0.13
549807 1389598 163971 0.13
587819 1796185 133589 0.8
547647 1383115 164663 0.13
585659 1789702 134281 0.7
545487 1376552 165362 0.13
582649 1771484 134980 0.8
543247 1369989 166061 0.13
580409 1764964 135679 0.7
541087 1363426 166760 0.13
579099 1770013 136377 0.8
538927 1356943 167452 0.13
576939 1763530 137070 0.7
536767 1350380 168151 0.13
574779 1756967 137769 0.8
534527 1343817 168849 0.13
572539 1750404 138467 0.7
456436 457341 235714 0.18
532367 1337254 169548 0.13
570379 1743841 139166 0.8
530207 1330771 170241 0.13
568219 1737358 139859 0.7
528047 1324208 170939 0.13
566059 1730795 140557 0.8
525807 1317645 171638 0.13
563819 1724232 141256 0.7
523647 1311082 172337 0.13
563572 1742929 141955 0.8
521487 1304599 173029 0.13
561412 1736350 142648 0.7
519327 1298036 173728 0.13
559252 1729691 143346 0.8
517087 1291473 174427 0.13
557012 1723031 144045 0.7
514927 1284910 175126 0.13
552939 1691497 144744 0.8
512767 1278427 175818 0.13
550779 1685014 145436 0.7
510607 1271864 176517 0.13
548619 1678451 146135 0.8
546379 1671888 146834 0.7
508551 1279134 177386 0.13
544219 1665325 147533 0.8
506391 1272494 178085 0.13
542059 1658842 148225 0.7
502927 1251134 178784 0.13
539899 1652279 148924 0.8
500767 1244571 179482 0.13
537659 1645716 149623 0.7
498607 1238088 180175 0.13
458578 822114 211601 0.14
535499 1639153 150321 0.8
496447 1231525 180874 0.13
531369 1620886 151190 0.7
529209 1614365 151889 0.8
450895 806772 213433 0.14
527049 1607925 152582 0.7
526509 1622395 153287 0.8
525412 1628986 153979 0.7
523252 1622326 154678 0.8
521312 1608941 155027 0.7
519179 1592331 155370 0.8
441137 787151 215784 0.14
516529 1570276 155726 0.7
516939 1585688 156076 0.8
515899 1582487 156419 0.7
514779 1579205 156768 0.8
513739 1575924 157117 0.7
512619 1572642 157467 0.8
511499 1569361 157816 0.7
507809 1545519 158425 0.8
509749 1578997 158775 0.7
505649 1539033 159124 0.8
507589 1571304 159557 0.7
505019 1548711 159989 0.8
506449 1574508 160435 0.8
504289 1567980 161121 0.8
498069 1503279 161566 0.8
499499 1529022 161999 0.8
498459 1524700 162431 0.8
497339 1520298 162870 0.8
496299 1515976 163303 0.8
495179 1511574 163742 0.8
494059 1507172 164181 0.8
417113 737769 221708 0.14
494449 1530114 164874 0.8
493329 1525626 165312 0.8
489739 1491965 165745 0.8
488619 1487643 166178 0.8
487579 1483241 166617 0.8
410677 726896 223190 0.14
486459 1478839 167056 0.8
485339 1474517 167488 0.8
484299 1470115 167927 0.8
483179 1465793 168360 0.8
482059 1461391 168799 0.8
482059 1458110 169148 0.8
481019 1453868 169574 0.8
479899 1449386 170020 0.8
478859 1445064 170452 0.8
400917 707226 225541 0.14
477739 1440742 170885 0.8
476619 1436260 171330 0.8
475579 1432018 171757 0.8
474459 1427616 172196 0.8
473339 1423214 172635 0.8
472299 1418972 173061 0.8
467589 1382517 173939 0.8
468389 1415664 175077 0.8
464209 1378549 175503 0.9
466149 1406837 175948 0.8
463579 1386237 176374 0.9
459889 1364549 176984 0.8
461829 1392504 177429 0.9
457649 1355849 177862 0.8
459669 1383758 178294 0.9
460845 1403280 178740 0.8
455899 1358944 179166 0.9
458685 1394381 179605 0.8
453739 1350220 180037 0.9
375673 656890 231558 0.14
450049 1327849 180736 0.8
451989 1355011 181175 0.9
447889 1319228 181608 0.8
449829 1346184 182047 0.9
447179 1326129 182486 0.8
446139 1321887 182912 0.9
370233 644867 233040 0.14
445019 1317485 183351 0.8
443979 1313163 183784 0.9
442859 1308761 184223 0.8
441739 1304359 184662 0.9
440699 1300037 185094 0.8
439579 1296755 185444 0.9
438459 1292273 185889 0.8
364799 631852 234693 0.14
437419 1288111 186309 0.9
436299 1284750 186665 0.8
435259 1280428 187097 0.9
434139 1276106 187530 0.8
433019 1271624 187975 0.9
433019 1268342 188325 0.8
431979 1264100 188751 0.9
430859 1259618 189196 0.8
429739 1255296 189629 0.9
428699 1250974 190061 0.8
425009 1229850 190754 0.9
428069 1255812 191103 0.8
426949 1251278 191549 0.9
425829 1246905 191981 0.8
427085 1264204 192414 0.9
422549 1235811 193119 0.8
418449 1202879 193545 0.9
420389 1227065 193984 0.8
309319 309912 260011 0.18
416289 1194258 194417 0.9
417819 1205193 194766 0.8
416699 1200791 195205 0.9
414049 1181207 195821 0.8
416069 1205039 196247 0.9
340793 580420 241057 0.14
411889 1172585 196692 0.8
413829 1196212 197119 0.9
301723 302315 261315 0.18
411259 1177901 197558 0.8
411259 1174619 197907 0.9
410139 1170297 198340 0.8
409099 1165895 198779 0.9
335353 569519 242449 0.14
407979 1161493 199218 0.8
406859 1157171 199650 0.9
405819 1152769 200089 0.8
404699 1148527 200515 0.9
403579 1144045 200961 0.8
402539 1139723 201393 0.9
402539 1136522 201736 0.8
401419 1132040 202182 0.9
326515 552333 244451 0.14
400379 1127718 202614 0.8
400379 1124516 202957 0.9
399259 1120034 203403 0.8
398139 1116833 203746 0.9
397099 1112511 204178 0.8
395979 1108109 204617 0.9
398685 1136169 205056 0.8
394859 1100425 205406 0.9
397645 1128342 205838 0.8
393189 1102439 206531 0.9
389009 1072372 206976 0.8
390949 1093613 207402 0.9
386849 1063830 207841 0.8
386139 1069931 208627 0.9
385099 1065609 209060 0.8
383979 1061127 209505 0.9
382939 1056885 209931 0.8
381819 1052483 210370 0.9
380699 1048081 210809 0.8
262435 262903 267590 0.19
377419 1040478 211678 0.9
376379 1036156 212111 0.8
375259 1031754 212550 0.9
374219 1028552 212893 0.8
373099 1024070 213338 0.9
371979 1020789 213688 0.8
370939 1016547 214114 0.9
369819 1012065 214559 0.8
368699 1007823 214986 0.9
367659 1003421 215425 0.8
366539 999019 215864 0.9
365499 994777 216290 0.8
364379 990295 216735 0.9
367085 1014889 217174 0.8
362219 981651 217600 0.9
364925 1005909 218046 0.8
359979 972927 218472 0.9
358939 968525 218911 0.8
357819 964123 219350 0.9
356779 959881 219776 0.8
355659 955399 220222 0.9
354539 950997 220661 0.8
353499 946755 221087 0.9
352379 942273 221532 0.8
351259 938031 221958 0.9
350219 933629 222397 0.8
349099 929227 222836 0.9
348059 924985 223263 0.8
346939 920503 223708 0.9
345819 916101 224147 0.8
344779 911859 224573 0.9
343659 907376 225019 0.8
342539 903135 225445 0.9
341499 898733 225884 0.8
340869 903799 226493 0.9
336689 878510 226926 0.8
338629 894892 227371 0.9
334529 869809 227804 0.8
336059 876963 228147 0.9
334939 872480 228592 0.8
333819 868239 229018 0.9
332779 863836 229457 0.8
331659 859434 229896 0.9
330619 855193 230322 0.8
329499 850710 230768 0.9
332205 871200 231207 0.8
328379 843107 231550 0.9
331165 863373 231989 0.8
326219 834463 232415 0.9
325099 829981 232860 0.8
324059 825659 233293 0.9
322939 821337 233726 0.8
321899 816935 234165 0.9
320779 812533 234604 0.8
319659 808211 235036 0.9
318619 803809 235475 0.8
317499 799567 235901 0.9
316379 795085 236347 0.8
315339 790763 236779 0.9
314219 786441 237212 0.8
313179 782039 237651 0.9
312059 777637 238090 0.8
310939 773315 238523 0.9
309899 768913 238962 0.8
308779 764671 239388 0.9
307659 760189 239833 0.8
306619 755867 240266 0.9
305499 751545 240698 0.8
304459 747143 241137 0.9
303339 742741 241576 0.8
302219 738419 242009 0.9
301179 734017 242448 0.8
300059 729775 242874 0.9
298939 725293 243320 0.8
297899 720971 243752 0.9
296779 716649 244185 0.8
299565 733195 244624 0.9
294619 707845 245063 0.8
297325 724215 245495 0.9
292459 699121 245934 0.8
291339 694879 246361 0.9
290219 690397 246806 0.8
290219 687115 247155 0.9
289179 682873 247582 0.8
288059 678391 248027 0.9
287019 674069 248460 0.8
285899 669747 248892 0.9
282229 652221 249338 0.9
283739 661103 249757 0.9
282619 656621 250203 0.9
281499 652219 250642 0.9
280459 647977 251068 0.9
279339 643495 251513 0.9
278299 639173 251946 0.9
277179 634851 252379 0.9
276059 630369 252824 0.9
275019 626207 253244 0.9
273899 621725 253689 0.9
272779 617323 254128 0.9
271739 613081 254554 0.9
270619 608599 255000 0.9
269579 604277 255432 0.9
268459 599955 255865 0.9
267339 595473 256310 0.9
266299 591311 256730 0.9
265179 586829 257176 0.9
264059 582427 257615 0.9
263019 578185 258041 0.9
261899 573703 258486 0.9
268510 602874 258919 0.9
259739 565059 259351 0.9
258619 560577 259797 0.9
257579 556415 260217 0.9
256459 551933 260662 0.9
255339 547531 261101 0.9
254299 543289 261527 0.9
253179 538807 261973 0.9
252139 534485 262405 0.9
251019 530163 262838 0.9
249899 525681 263283 0.9
248859 521519 263703 0.9
247739 517037 264148 0.9
246619 512635 264588 0.9
245579 508393 265014 0.9
244459 503911 265459 0.9
243419 499589 265892 0.9
242299 495267 266324 0.9
241179 490785 266770 0.9
240139 486623 267189 0.9
239019 482141 267635 0.9
237899 477739 268074 0.9
236859 473497 268500 0.9
235739 469015 268945 0.9
234699 464693 269378 0.9
233579 460371 269811 0.9
232459 455889 270256 0.9
231419 451727 270676 0.9
230299 447245 271121 0.9
229179 442843 271560 0.9
228139 438601 271986 0.9
234670 459655 272432 0.9
225979 429797 272864 0.9
224859 425475 273297 0.9
223739 420993 273742 0.9
222699 416831 274162 0.9
221579 412349 274608 0.9
220459 407947 275047 0.9
219419 403705 275473 0.9
218299 399223 275918 0.9
217259 394901 276351 0.9
216139 390579 276783 0.9
215019 386097 277229 0.9
213979 381935 277649 0.9
212859 377453 278094 0.9
211739 373051 278533 0.9
210699 368809 278959 0.9
209579 364327 279405 0.9
208539 360005 279837 0.9
207419 355683 280270 0.9
206299 351201 280715 0.9
205259 347039 281135 0.9
204139 342557 281580 0.9
203019 338155 282019 0.9
201979 333913 282446 0.9
200859 329431 282891 0.9
199819 325109 283324 0.9
198699 320787 283756 0.9
197579 316305 284202 0.9
196539 312143 284621 0.9
195419 307661 285067 0.9
194299 303259 285506 0.9
193259 299017 285932 0.9
192139 294535 286377 0.9
198750 307284 286810 0.9
189979 285891 287243 0.9
73877 73926 297987 0.19
188859 281409 287688 0.9
187819 277247 288108 0.9
186699 272765 288553 0.9
185579 268363 288992 0.9
184539 264121 289418 0.9
183419 259639 289864 0.9
182379 255317 290296 0.9
181259 250995 290729 0.9
65162 65193 299380 0.18
180139 246513 291174 0.9
179099 242351 291594 0.9
177979 237869 292040 0.9
176859 233467 292479 0.9
175819 229225 292905 0.9
174699 224743 293350 0.9
173659 220421 293783 0.9
172539 216099 294215 0.9
171419 211617 294661 0.9
132563 138082 298519 0.10
170379 207455 295081 0.9
54261 54265 301121 0.18
131440 135833 298785 0.10
169259 202973 295526 0.9
53156 53158 301297 0.18
130401 133669 299045 0.10
168139 198571 295965 0.9
52117 52117 301467 0.19
131127 133834 299304 0.10
90112 90142 300564 0.14
167099 194329 296391 0.9
125927 126489 299571 0.10
89056 89080 300734 0.14
165979 189847 296837 0.9
128967 129427 299824 0.10
87961 87986 300911 0.14
164939 185525 297269 0.9
85225 85058 301081 0.14
163819 181203 297702 0.9
87165 87318 301257 0.14
162699 176721 298147 0.9
82985 82861 301434 0.14
161659 172559 298567 0.9
85005 85115 301604 0.14
80825 80742 301781 0.14
82765 82830 301957 0.14
150942 150990 301184 0.6
142009 140864 301354 0.6
148800 148846 301531 0.6
147737 147777 301701 0.6
148929 149257 301878 0.6
142709 142418 302054 0.6
146769 147054 302225 0.6
22758 22758 303915 0.19
2161 2161 305655 0.19
9429 9429 307799 0.14
9429 9429 307886 0.14
9429 9429 307973 0.14
32283 32283 309595 0.10
32414 32414 309682 0.10
32414 32414 309769 0.10
18455 18701 309751 0.14
14113 14113 309843 0.19
25971 26690 309836 0.14
31506 31506 310182 0.14
45196 45040 310375 0.19
23890 23890 310754 0.10
29059 29663 310756 0.10
33554 33890 311019 0.10
47363 47363 311689 0.14
43636 43636 311875 0.14
53695 53695 311944 0.10
49241 49241 312031 0.10
39722 39722 312052 0.14
45072 45072 312118 0.10
75309 75309 313146 0.10
75309 75309 313233 0.10
37276 37276 313305 0.6
75309 75309 313320 0.10
38857 38857 313392 0.6
38857 38857 313566 0.6
47083 47711 313489 0.14
52214 52214 313833 0.14
50387 50387 314081 0.14
38356 38356 314187 0.14
50058 50058 314231 0.10
58026 58026 314274 0.14
50058 50058 314318 0.10
102030 102030 314414 0.6
69811 70741 314387 0.14
53611 53611 314492 0.10
102030 102030 314501 0.6
98993 98993 314588 0.6
73405 76416 314388 0.14
74880 77952 314562 0.14
78035 80196 314994 0.14
78691 80870 315081 0.14
78035 80196 315168 0.14
86372 86372 315390 0.10
57356 57815 315329 0.6
79565 81769 315255 0.14
76505 78624 315342 0.14
79565 82830 315345 0.14
67014 67550 315590 0.6
89996 93665 315399 0.10
68150 68150 315760 0.6
77117 82496 315427 0.14
89996 93665 315573 0.10
78035 84518 315518 0.14
77380 83808 315692 0.14
78691 85229 315953 0.14
78035 85639 315950 0.14
107966 110623 316315 0.6
78953 86646 316037 0.14
73445 81656 316035 0.14
104047 109490 316347 0.10
82626 92965 316039 0.14
80331 90382 316126 0.14
104047 110530 316438 0.10
78035 88920 316123 0.14
110850 114465 316667 0.6
110850 113578 316837 0.6
76505 88197 316214 0.14
79565 91725 316301 0.14
104047 111571 316703 0.10
79565 91725 316475 0.14
78035 89961 316649 0.14
129471 133773 317357 0.6
78035 89961 316823 0.14
78035 89961 316997 0.14
130648 138205 317536 0.6
104047 115973 317395 0.10
129549 136007 317880 0.6
32661 32253 318600 0.19
104047 118134 317570 0.10
104047 117013 318008 0.10
131016 143029 318141 0.6
104727 117778 318095 0.10
104047 117013 318182 0.10
106087 118247 318352 0.10
102007 113699 318439 0.10
106087 118247 318526 0.10
130059 143025 318493 0.6
102007 114719 318530 0.10
104047 117013 318704 0.10
104047 118134 318701 0.10
130509 143520 318841 0.6
105271 119524 318875 0.10
105271 119524 319049 0.10
102823 116744 319136 0.10
104047 118134 319223 0.10
102007 115817 319310 0.10
106087 120450 319397 0.10
110168 125083 319484 0.10
130059 143025 319624 0.6
107127 121511 319575 0.10
130059 144146 319795 0.6
105962 117997 319922 0.10
103863 115637 320009 0.10
130059 144146 319969 0.6
105087 118134 320006 0.10
103047 114719 320183 0.10
105087 112691 320702 0.10
105087 108289 321228 0.10
131099 144066 320758 0.6
132056 141819 321456 0.6
132056 137466 321975 0.6
131949 134132 322405 0.6
129569 130586 322582 0.6
131099 132140 322669 0.6
127509 127509 322922 0.6
111649 111649 323058 0.6
107354 107354 323145 0.6
28147 28147 323862 0.6
36471 36471 324154 0.6
9722 9722 327555 0.19
22142 22142 328271 0.18
20000 20000 329947 0.18
20068 20068 330214 0.18
4322 4322 331743 0.19
815 815 346268 0.18
829 829 346906 0.18
1237 1237 350221 0.18
3305 3305 350456 0.18
15835 15835 350725 0.18
17815 17815 350994 0.18
5340 5340 351094 0.18
33651 33651 351263 0.18
34353 34353 351373 0.18
33651 33651 351532 0.18
32445 32445 351652 0.18
33651 33651 351801 0.18
32445 32445 351931 0.18
33651 33651 352070 0.18
32445 32445 352210 0.18
33651 33651 352339 0.18
32445 32445 352489 0.18
33651 33651 352608 0.18
32445 32445 352768 0.18
33651 33651 352877 0.18
32445 32445 353047 0.18
33651 33651 353146 0.18
32445 32445 353326 0.18
33651 33651 353415 0.18
32445 32445 353605 0.18
32679 32679 353692 0.18
32445 32445 353884 0.18
32445 32445 353971 0.18
32445 32445 354163 0.18
32445 32445 354250 0.18
30387 30387 354409 0.18
39975 39975 354496 0.18
41575 41575 354583 0.18
48963 48963 354670 0.18
49621 49621 354775 0.18
40810 40810 354957 0.18
32445 32445 355054 0.18
18683 18683 355282 0.18
55084 55084 355369 0.18
55084 55084 355456 0.18
39072 39072 355543 0.18
8745 8745 356091 0.18
7773 7773 356639 0.18
8745 8745 357187 0.18
7773 7773 357735 0.18
8745 8745 358283 0.18
12678 12678 358619 0.18
14262 14262 358955 0.18
19721 19721 359171 0.18
22186 22186 359387 0.18
19721 19721 359603 0.18
21490 21490 359826 0.18
19102 19102 360049 0.18
21490 21490 360272 0.18
21193 21193 360473 0.18
23842 23842 360674 0.18
23535 23535 360855 0.18
