ENABLE_QCN			Yes
USE_DYNAMIC_PFC_THRESHOLD	No
PACKET_PAYLOAD_SIZE		1000
TOPOLOGY_FILE			mix/24/topology.txt
FLOW_FILE			mix/24/flow.txt
TRACE_FILE			mix/24/trace.txt
TRACE_OUTPUT_FILE		mix/24/mix.tr
FCT_OUTPUT_FILE		mix/24/fct.txt
PFC_OUTPUT_FILE				mix/24/pfc.txt
SIMULATOR_STOP_TIME		4
CC_MODE		3
ALPHA_RESUME_INTERVAL		1
RATE_DECREASE_INTERVAL		4
CLAMP_TARGET_RATE		No
RP_TIMER			900
EWMA_GAIN			0.00390625
FAST_RECOVERY_TIMES		1
RATE_AI				50Mb/s
RATE_HAI			100Mb/s
MIN_RATE		100Mb/s
DCTCP_RATE_AI				1000Mb/s
ERROR_RATE_PER_LINK		0
L2_CHUNK_SIZE			4000
L2_ACK_INTERVAL			1
L2_BACK_TO_ZERO			No
HAS_WIN		1
GLOBAL_T		0
VAR_WIN		1
FAST_REACT		1
U_TARGET		0.95
MI_THRESH		0
INT_MULTI				1
MULTI_RATE				0
SAMPLE_FEEDBACK				0
PINT_LOG_BASE				1.05
PINT_PROB				1
RATE_BOUND		1
ACK_HIGH_PRIO		0
LINK_DOWN				0 0 0
ENABLE_TRACE				1
KMAX_MAP				 25000000000 400 50000000000 800 100000000000 1600
KMIN_MAP				 25000000000 100 50000000000 200 100000000000 400
PMAX_MAP				 25000000000 0.2 50000000000 0.2 100000000000 0.2
BUFFER_SIZE				32
QLEN_MON_FILE				/dev/null
QLEN_MON_START				0
QLEN_MON_END				0
maxRtt=12800 maxBdp=78000
Running Simulation.
34015 50343 6508 0.16
34015 57946 4424 0.17
34015 65630 2314 0.16
34015 73233 230 0.17
34015 80837 -1854 0.16
34015 88520 -3963 0.17
34015 96124 -6047 0.16
34015 103807 -8157 0.17
34015 111411 -10241 0.16
34015 119014 -12325 0.17
34015 126698 -14434 0.16
34015 134301 -16518 0.17
34015 141905 -18602 0.16
34015 149588 -20712 0.17
34015 157192 -22796 0.16
34015 164875 -24906 0.17
34015 172479 -26990 0.16
34015 180082 -29074 0.17
34015 181203 -29084 0.16
34015 180082 -28378 0.17
34015 179042 -27697 0.16
34015 177921 -26990 0.17
34015 176801 -26284 0.16
34015 175760 -25603 0.17
34015 174640 -24897 0.16
34015 173599 -24216 0.17
34015 172479 -23510 0.16
34015 171358 -22803 0.17
34015 170318 -22122 0.16
34015 169197 -21416 0.17
34015 169197 -21068 0.16
36016 179150 -20720 0.17
34015 168077 -20014 0.16
34015 167036 -19333 0.17
34015 165916 -18626 0.16
34015 164875 -17946 0.17
34015 163755 -17239 0.16
34015 162634 -16533 0.17
34015 161594 -15852 0.16
34015 160473 -15146 0.17
34015 159353 -14439 0.16
34015 158312 -13758 0.17
34015 157192 -13052 0.16
34015 156151 -12371 0.17
34015 155031 -11665 0.16
34015 153910 -10958 0.17
34015 152870 -10278 0.16
34015 151749 -9571 0.17
34015 150629 -8865 0.16
34015 149588 -8184 0.17
34015 148468 -7478 0.16
34015 147427 -6797 0.17
27542 39170 26201 0.4
34682 152440 -6766 0.16
27542 45250 24990 0.5
26482 47315 24097 0.4
33615 153128 -7463 0.17
26482 53161 22885 0.5
27542 59123 22030 0.4
34015 160473 -8186 0.16
27542 65284 20793 0.5
27542 69161 19925 0.4
34682 169169 -8882 0.17
27542 75322 18689 0.5
26482 76152 17821 0.4
34015 177841 -11653 0.16
26482 81998 16609 0.5
27542 89236 15716 0.4
34015 192088 -15166 0.17
27542 95315 14505 0.5
26482 95337 13649 0.4
34015 206254 -18653 0.16
26482 101262 12413 0.5
27542 109189 11545 0.4
34015 220421 -22140 0.17
27542 115350 10308 0.5
26482 114640 9440 0.4
34015 234587 -25627 0.16
26482 120486 8229 0.5
27542 129264 7335 0.4
34015 248754 -29114 0.17
27542 135343 6124 0.5
26482 133826 5269 0.4
34015 262920 -32602 0.16
26482 139750 4032 0.5
27542 149216 3164 0.4
34015 277167 -36114 0.17
27542 154276 2273 0.5
26482 149912 2109 0.4
34015 291253 -39576 0.16
26482 153639 1589 0.5
27542 161498 1399 0.4
34015 305500 -43089 0.17
27542 165334 892 0.5
27542 167006 715 0.4
34682 325934 -46576 0.16
27542 170924 182 0.5
26482 165919 18 0.4
34015 333833 -50063 0.17
26482 168626 -169 0.5
27542 174800 358 0.4
34015 347999 -53550 0.16
27542 174269 1221 0.5
26482 167017 1748 0.4
34015 356723 -55297 0.17
26482 166468 2623 0.5
27542 172596 3137 0.4
34015 364327 -56685 0.16
27542 172025 4013 0.5
26482 164860 4540 0.4
34015 372010 -58098 0.17
26482 164350 5402 0.5
27542 170352 5929 0.4
34015 379614 -59486 0.16
27542 169822 6792 0.5
26482 162741 7319 0.4
34015 387297 -60900 0.17
26482 162192 8194 0.5
27542 168149 8709 0.4
34015 394901 -62288 0.16
27542 167578 9584 0.5
26482 160583 10111 0.4
34015 400343 -62985 0.17
27542 166476 10973 0.5
27542 165905 11501 0.4
34015 399223 -61582 0.16
26482 159014 12363 0.5
27542 164803 12890 0.4
34682 405990 -60206 0.17
27542 164232 13765 0.5
26482 157405 14280 0.4
34015 397062 -58803 0.16
26482 156856 15155 0.5
27542 162559 15682 0.4
34015 396021 -57426 0.17
27542 162028 16545 0.5
26482 155247 17072 0.4
34015 394901 -56024 0.16
26482 154737 17934 0.5
27542 162559 17770 0.4
34015 393780 -54622 0.17
27542 166476 17237 0.5
26482 161682 17061 0.4
34015 397142 -54653 0.16
26482 165448 16528 0.5
27542 171495 17055 0.4
9533 88026 8894 0.18
34015 402504 -55324 0.17
9533 87536 9575 0.19
27542 170964 17917 0.5
10725 97885 10281 0.18
26482 163839 18445 0.4
10725 97292 10988 0.19
34015 403625 -54638 0.16
9533 85992 11668 0.18
26482 163329 19307 0.5
9533 85465 12375 0.19
27542 169291 19834 0.4
10725 95555 13081 0.18
34015 402585 -53262 0.17
10725 95004 13762 0.19
27542 167578 21068 0.5
9533 83920 14468 0.18
26482 159524 21941 0.4
9533 83431 15149 0.19
34015 401464 -51859 0.16
10725 93266 15856 0.18
27542 163130 23507 0.5
10725 92673 16562 0.19
27542 161416 24393 0.4
9533 81887 17243 0.18
34015 397142 -49433 0.17
9533 81359 17949 0.19
26482 152579 25946 0.5
10725 90936 18656 0.18
27542 157050 26806 0.4
10725 90385 19336 0.19
34682 400441 -46981 0.16
9533 79815 20043 0.18
27542 154235 28385 0.5
9533 79815 20391 0.19
26482 146734 29245 0.4
10725 89792 20739 0.18
34015 388338 -44529 0.17
10725 89241 21420 0.19
26482 143987 30837 0.5
9533 78798 22126 0.18
27542 148155 31685 0.4
9533 78271 22832 0.19
34015 384016 -42102 0.16
10725 87504 23513 0.18
27542 145381 33251 0.5
10725 86911 24220 0.19
26482 138141 34137 0.4
9533 76727 24926 0.18
34015 379614 -39650 0.17
9533 76237 25607 0.19
26482 135513 35690 0.5
10725 85173 26313 0.18
27542 139220 36576 0.4
10725 84623 26994 0.19
34015 375212 -37198 0.16
9533 74693 27700 0.18
27542 136486 38129 0.5
9533 74165 28407 0.19
26482 129588 39015 0.4
10725 82885 29088 0.18
34015 370890 -34772 0.17
10725 82292 29794 0.19
26482 126921 40581 0.5
9533 72621 30500 0.18
27542 130324 41454 0.4
9533 72131 31181 0.19
34015 366568 -32346 0.16
10725 80555 31888 0.18
27542 127550 43021 0.5
10725 80004 32568 0.19
26482 120996 43906 0.4
9533 70587 33275 0.18
34015 362246 -29919 0.17
9533 70060 33981 0.19
26482 118368 45460 0.5
10725 78267 34662 0.18
27542 121470 46320 0.4
10725 77673 35368 0.19
34015 357844 -27467 0.16
9533 68516 36075 0.18
27542 118655 47899 0.5
9533 68026 36756 0.19
27542 117023 48759 0.4
10725 75936 37462 0.18
34015 353442 -25015 0.17
10725 75385 38143 0.19
27542 114166 50351 0.5
9533 66482 38849 0.18
26482 108245 51198 0.4
9533 65955 39556 0.19
34015 349120 -22589 0.16
10725 73648 40236 0.18
26482 105577 52765 0.5
10725 73055 40943 0.19
27542 108087 53650 0.4
9533 64410 41649 0.18
34682 351477 -20137 0.17
9533 63921 42330 0.19
27542 105353 55204 0.5
10725 71318 43036 0.18
26482 99653 56089 0.4
10725 70767 43717 0.19
34015 340316 -17685 0.16
9533 62376 44424 0.18
26482 97024 57643 0.5
9533 61849 45130 0.19
10725 69029 45811 0.18
34015 335994 -15258 0.17
10725 68436 46517 0.19
9533 60305 47224 0.18
34415 336627 -13513 0.16
9533 59815 47904 0.19
33348 324148 -12499 0.17
10725 66699 48611 0.18
34015 328390 -11434 0.16
10725 66148 49292 0.19
34015 326149 -10370 0.17
9533 58271 49998 0.18
34015 324068 -9356 0.16
9533 57744 50704 0.19
34015 321827 -8291 0.17
10725 64411 51385 0.18
34015 319586 -7226 0.16
10725 63818 52092 0.19
34015 317505 -6213 0.17
10725 63224 52798 0.18
34015 315264 -5148 0.16
10725 62674 53479 0.19
34015 313183 -4134 0.17
9533 55183 54185 0.18
34015 310942 -3070 0.16
9533 54693 54866 0.19
34015 308701 -2005 0.17
10725 60936 55572 0.18
34015 306620 -991 0.16
10725 60343 56279 0.19
34015 304379 74 0.17
9533 53149 56960 0.18
34015 302138 1138 0.16
9533 52621 57666 0.19
34015 300057 2152 0.17
10725 58606 58372 0.18
34015 297816 3217 0.16
10725 58055 59053 0.19
34015 295735 4230 0.17
9533 51077 59760 0.18
34015 293494 5295 0.16
9533 50587 60440 0.19
34015 291253 6360 0.17
10725 56318 61147 0.18
34015 289172 7374 0.16
10725 55725 61853 0.19
36016 303810 8438 0.17
9533 49043 62534 0.18
34015 284690 9503 0.16
9533 48516 63240 0.19
34015 282609 10517 0.17
10725 53987 63947 0.18
34015 280368 11582 0.16
10725 53436 64628 0.19
34015 278287 12595 0.17
9533 46972 65334 0.18
34015 276046 13660 0.16
9533 46482 66015 0.19
34015 273805 14725 0.17
10725 51699 66721 0.18
34015 271724 15738 0.16
10725 51106 67428 0.19
34015 269483 16803 0.17
9533 44938 68108 0.18
34015 267242 17868 0.16
9533 44410 68815 0.19
34015 265161 18882 0.17
10725 49369 69521 0.18
34015 262920 19946 0.16
10725 48818 70202 0.19
34015 260839 20960 0.17
9533 42866 70908 0.18
34015 258598 22025 0.16
9533 42377 71589 0.19
34015 256357 23090 0.17
10725 47081 72296 0.18
34015 254276 24103 0.16
10725 46487 73002 0.19
34015 252035 25168 0.17
9533 40832 73683 0.18
34015 249794 26233 0.16
9533 40305 74389 0.19
34015 247713 27246 0.17
10725 44750 75096 0.18
10725 44199 75776 0.19
9533 38761 76483 0.18
34015 243311 29698 0.16
9533 38271 77164 0.19
10725 42462 77870 0.18
10725 41869 78576 0.19
34015 238989 32125 0.17
9533 36727 79257 0.18
33515 58226 90116 0.0
9533 36200 79964 0.19
33515 57466 90708 0.1
10725 40131 80670 0.18
34015 234587 34577 0.16
10725 39581 81351 0.19
33515 55045 92178 0.2
9533 34655 82057 0.18
33515 53084 93153 0.3
9533 34166 82738 0.19
34015 230185 37029 0.17
10725 37843 83444 0.18
34172 51065 94809 0.0
10725 37250 84151 0.19
33515 48182 95765 0.1
9533 32622 84832 0.18
34682 230292 39455 0.16
9533 32094 85538 0.19
33515 45180 97421 0.2
10725 35513 86244 0.18
34172 44128 98377 0.3
10725 34962 86925 0.19
34015 221541 41882 0.17
9533 30550 87632 0.18
34015 219300 42946 0.16
9533 30060 88312 0.19
34015 217139 43986 0.17
10725 33225 89019 0.18
34015 214978 45025 0.16
10725 32632 89725 0.19
34015 212817 46064 0.17
9533 29006 90073 0.18
34015 210576 47129 0.16
9533 28516 90754 0.19
34015 208415 48168 0.17
10725 31487 91460 0.18
34015 206254 49207 0.16
10725 31487 91808 0.19
34015 204093 50246 0.17
9533 27462 92515 0.18
9533 26972 93196 0.19
10725 30343 93544 0.18
10725 29750 94250 0.19
10725 29199 94931 0.18
10725 29199 95279 0.19
9533 25428 95985 0.18
9533 24900 96692 0.19
10725 28013 97040 0.18
10725 27462 97720 0.19
9533 23883 98427 0.18
9533 23883 98775 0.19
10725 26869 99123 0.18
10725 26276 99829 0.19
9533 23356 100177 0.18
9533 23883 100167 0.19
10725 26869 100515 0.18
10725 27462 100504 0.19
9533 25428 100161 0.18
9533 25955 100151 0.19
10725 29750 100166 0.18
10725 30343 100156 0.19
9533 27462 100171 0.18
9533 28516 99802 0.19
10725 32081 100150 0.18
10725 32081 100498 0.19
9533 29006 100513 0.18
9533 29533 100503 0.19
10725 33225 100851 0.18
10725 33818 100840 0.19
9533 30550 100856 0.18
9533 30550 101204 0.19
10725 34369 101552 0.18
10725 34962 101541 0.19
1733 5931 103972 0.18
1733 5931 104320 0.19
7150 23675 105732 0.18
1417 3368 106026 0.16
1417 3368 106374 0.17
5362 17184 107120 0.19
34015 81957 106364 0.16
6355 20040 107800 0.18
34015 83078 106354 0.17
9533 29533 108507 0.19
34015 83078 106702 0.16
10725 32632 109213 0.18
34015 83078 107050 0.17
34015 83078 107398 0.16
7150 20992 110600 0.19
34015 83078 107746 0.17
34015 83078 108094 0.16
4766 13486 111988 0.18
21451 59501 112694 0.18
4766 12977 113375 0.19
17007 40978 109496 0.17
10725 28013 114788 0.19
13606 31918 110883 0.16
4766 12205 115468 0.18
9533 23883 116175 0.19
10725 26276 116881 0.18
19067 45733 117562 0.18
7150 16754 118268 0.19
9718 21244 114364 0.17
19067 43700 118949 0.19
7150 15992 119656 0.18
9718 20603 115777 0.16
10725 23394 120362 0.19
19067 40611 121043 0.19
6355 13185 121749 0.18
21451 43315 122456 0.18
11338 22597 118551 0.17
7150 14071 123136 0.19
9533 18234 123843 0.18
9533 17744 124524 0.19
21451 38738 125230 0.19
7150 12517 125936 0.18
19067 32400 126617 0.18
6355 10448 127324 0.19
10725 17039 128030 0.18
19067 30291 128378 0.18
7150 10992 129059 0.19
19067 28257 129765 0.19
7150 10229 130446 0.18
10725 14750 131152 0.19
10725 14750 131500 0.18
10725 14157 132207 0.19
9533 12094 132888 0.18
9533 11567 133594 0.19
10725 12420 134300 0.18
10725 12420 134648 0.19
1889 2009 139799 0.16
2061 2124 140506 0.17
34015 34015 141186 0.16
5215 5215 143322 0.16
3281 3281 151872 0.17
2817 2817 152220 0.16
6391 6391 155576 0.17
6391 6391 155924 0.16
3229 3229 162906 0.17
3229 3229 163254 0.16
34015 34015 163602 0.17
36016 36016 163950 0.17
32014 32993 163966 0.17
34015 35056 164314 0.16
34015 35056 164662 0.17
36016 38304 164651 0.17
33348 35467 164999 0.16
34015 36176 165347 0.17
32014 35027 165362 0.17
36016 39406 165710 0.17
34015 37217 166058 0.16
34015 38337 166048 0.17
32014 36082 166396 0.17
34682 39089 166744 0.16
32014 35027 167450 0.16
36016 38304 168131 0.16
32014 32993 168838 0.16
36016 36016 169518 0.16
2.51124
