127509 50280 4449 0.18
132609 52291 4536 0.18
127509 50280 4623 0.18
132609 52291 4710 0.18
127509 50280 4797 0.18
132609 52291 4884 0.18
127509 50280 4971 0.18
132609 52291 5058 0.18
127509 50280 5145 0.18
132609 52291 5232 0.18
132219 51286 5406 0.18
135909 51889 5580 0.18
136539 51286 5754 0.18
138779 51286 5928 0.18
140939 51286 6102 0.18
143099 51286 6276 0.18
145259 51286 6450 0.18
147499 51286 6624 0.18
149659 51286 6798 0.18
137659 81287 6848 0.14
151819 51286 6972 0.18
139819 82375 7022 0.14
153979 51286 7146 0.18
141979 83463 7196 0.14
156219 51286 7320 0.18
144219 84551 7370 0.14
158379 51286 7494 0.18
146379 85639 7544 0.14
160539 51286 7668 0.18
148539 86727 7718 0.14
162699 51286 7842 0.18
150699 87815 7892 0.14
164939 51286 8016 0.18
155489 90646 8066 0.14
167099 51286 8190 0.18
157649 91755 8240 0.14
169259 51286 8364 0.18
159809 92865 8414 0.14
171419 51286 8538 0.18
173659 51286 8712 0.18
161659 93255 8762 0.14
175819 51286 8886 0.18
177979 51286 9060 0.18
165979 95431 9110 0.14
180139 51286 9234 0.18
182379 51286 9408 0.18
170379 97607 9458 0.14
184539 51286 9582 0.18
189249 52291 9756 0.18
174699 99783 9806 0.14
191409 52291 9930 0.18
193649 52291 10104 0.18
179099 101959 10154 0.14
193259 51286 10278 0.18
195419 51286 10452 0.18
183419 104135 10502 0.14
197579 51286 10626 0.18
172539 128696 10639 0.10
199819 51286 10800 0.18
187819 106311 10850 0.14
201979 51286 10974 0.18
176859 131960 10987 0.10
204139 51286 11148 0.18
192139 108487 11198 0.14
206299 51286 11322 0.18
181259 135224 11335 0.10
208539 51286 11496 0.18
196539 110663 11546 0.14
210699 51286 11670 0.18
185579 138488 11683 0.10
212859 51286 11844 0.18
200859 112839 11894 0.14
215019 51286 12018 0.18
189979 141752 12031 0.10
217259 51286 12192 0.18
205259 115015 12242 0.14
219419 51286 12366 0.18
194299 145016 12379 0.10
221579 51286 12540 0.18
209579 117191 12590 0.14
223739 51286 12714 0.18
198699 148280 12727 0.10
225979 51286 12888 0.18
213979 119367 12938 0.14
228139 51286 13062 0.18
203019 151544 13075 0.10
230299 51286 13236 0.18
218299 121543 13286 0.14
232459 51286 13410 0.18
207419 154808 13423 0.10
234699 51286 13584 0.18
223974 124932 13634 0.14
236859 51286 13758 0.18
211739 158072 13771 0.10
239019 51286 13932 0.18
228294 127129 13982 0.14
241179 51286 14106 0.18
245579 51286 14280 0.18
232694 129326 14330 0.14
249899 51286 14454 0.18
220459 164600 14467 0.10
254299 51286 14628 0.18
235739 130247 14678 0.14
258619 51286 14802 0.18
263019 51286 14976 0.18
240139 132423 15026 0.14
267339 51286 15150 0.18
229944 172135 15163 0.10
274289 52291 15324 0.18
247739 134599 15374 0.14
278609 52291 15498 0.18
283009 52291 15672 0.18
256459 136775 15722 0.14
284779 51286 15846 0.18
238537 178527 15859 0.10
289179 51286 16020 0.18
265179 138951 16070 0.14
293499 51286 16194 0.18
297899 51286 16368 0.18
273899 141127 16418 0.14
302219 51286 16542 0.18
252777 185087 16555 0.10
306619 51286 16716 0.18
282619 143303 16766 0.14
310939 51286 16890 0.18
315339 51286 17064 0.18
291339 145479 17114 0.14
244057 211955 17214 0.6
319659 51286 17238 0.18
269579 190712 17251 0.10
324059 51286 17412 0.18
300059 147655 17462 0.14
328379 51286 17586 0.18
332779 51286 17760 0.18
308779 149831 17810 0.14
260859 218537 17910 0.6
337099 51286 17934 0.18
287019 197240 17947 0.10
341499 51286 18108 0.18
317499 152007 18158 0.14
345819 51286 18282 0.18
350219 51286 18456 0.18
326219 154183 18506 0.14
278299 226153 18606 0.6
354539 51286 18630 0.18
304459 203768 18643 0.10
358939 51286 18804 0.18
334939 156359 18854 0.14
363259 51286 18978 0.18
367659 51286 19152 0.18
344934 160089 19202 0.14
295739 233769 19302 0.6
371979 51286 19326 0.18
321899 210296 19339 0.10
376379 51286 19500 0.18
353654 162286 19550 0.14
380699 51286 19674 0.18
385099 51286 19848 0.18
362374 164484 19898 0.14
313179 241385 19998 0.6
389419 51286 20022 0.18
339339 216824 20035 0.10
393819 51286 20196 0.18
369819 165063 20246 0.14
398139 51286 20370 0.18
402539 51286 20544 0.18
378539 167239 20594 0.14
330619 249001 20694 0.6
406859 51286 20718 0.18
357417 224447 20731 0.10
413809 52291 20892 0.18
387259 169415 20942 0.14
418129 52291 21066 0.18
422529 52291 21240 0.18
395979 171591 21290 0.14
348697 257875 21390 0.6
424299 51286 21414 0.18
374857 231007 21427 0.10
428699 51286 21588 0.18
404699 173767 21638 0.14
433019 51286 21762 0.18
437419 51286 21936 0.18
413419 175943 21986 0.14
366137 265529 22086 0.6
441739 51286 22110 0.18
392297 237567 22123 0.10
446139 51286 22284 0.18
422139 178119 22334 0.14
450459 51286 22458 0.18
454859 51286 22632 0.18
430859 180295 22682 0.14
383577 273182 22782 0.6
459179 51286 22806 0.18
409099 242936 22819 0.10
463579 51286 22980 0.18
439579 182471 23030 0.14
469046 50855 23241 0.18
448299 184647 23378 0.14
400379 279465 23478 0.6
476619 51286 23502 0.18
426539 249464 23515 0.10
481019 51286 23676 0.19
457019 186823 23726 0.14
484029 51621 23763 0.18
490129 52291 23937 0.19
490589 51621 24024 0.18
465739 188999 24074 0.14
417819 287081 24174 0.6
495179 51286 24198 0.19
443979 255992 24211 0.10
499309 51621 24285 0.18
505019 51286 24459 0.19
507369 50950 24546 0.18
478859 193351 24596 0.14
514779 51286 24720 0.19
518909 51621 24807 0.18
435259 294697 24870 0.6
461419 262520 24907 0.10
524619 51286 24981 0.19
527049 50950 25068 0.18
492856 199157 25118 0.14
534379 51286 25242 0.19
538509 51621 25329 0.18
544219 51286 25503 0.19
452699 302313 25566 0.6
546649 50950 25590 0.18
512349 203375 25640 0.14
554059 51286 25764 0.19
558189 51621 25851 0.18
485623 272905 25864 0.10
563819 51286 26025 0.19
566249 50950 26112 0.18
532029 207756 26162 0.14
573659 51286 26286 0.19
472605 311749 26349 0.6
577789 51621 26373 0.18
583499 51286 26547 0.19
587549 51621 26634 0.18
550779 210759 26684 0.14
594769 52291 26808 0.19
595229 51621 26895 0.18
521586 283730 26908 0.10
598699 51286 27069 0.19
601789 51621 27156 0.18
570379 215111 27206 0.14
605259 51286 27330 0.19
502003 323641 27393 0.6
606569 50950 27417 0.18
611819 51286 27591 0.19
614829 51621 27678 0.18
589979 219463 27728 0.14
618379 51286 27852 0.19
619689 50950 27939 0.18
560758 294566 27952 0.10
624859 51286 28113 0.19
627949 51621 28200 0.18
603099 223815 28250 0.14
631419 51286 28374 0.19
541171 335550 28437 0.6
632729 50950 28461 0.18
637979 51286 28635 0.19
640989 51621 28722 0.18
616139 228167 28772 0.14
644539 51286 28896 0.19
645849 50950 28983 0.18
596964 305949 28996 0.10
651019 51286 29157 0.19
654109 51621 29244 0.18
629259 232519 29294 0.14
657579 51286 29418 0.19
580644 348055 29481 0.6
659549 51621 29505 0.18
663409 52291 29679 0.19
662829 51621 29766 0.18
642299 236871 29816 0.14
664139 51286 29940 0.19
666029 51621 30027 0.18
623124 316864 30040 0.10
667419 51286 30201 0.19
667609 50950 30288 0.18
656269 242799 30338 0.14
670699 51286 30462 0.19
610084 360062 30525 0.6
672589 51621 30549 0.18
673899 51286 30723 0.19
674169 50950 30810 0.18
663869 247180 30860 0.14
677179 51286 30984 0.19
679149 51621 31071 0.18
649284 327780 31084 0.10
680459 51286 31245 0.19
680729 50950 31332 0.18
670429 251560 31382 0.14
683739 51286 31506 0.19
636244 372069 31569 0.6
685709 51621 31593 0.18
687019 51286 31767 0.19
687289 50950 31854 0.18
676139 254279 31904 0.14
692849 52291 32028 0.19
692189 51621 32115 0.18
666299 337592 32128 0.10
693579 51286 32289 0.19
695469 51621 32376 0.18
682619 258631 32426 0.14
696859 51286 32550 0.19
659739 382825 32613 0.6
698749 51621 32637 0.18
700059 51286 32811 0.19
702029 51621 32898 0.18
689179 262983 32948 0.14
703339 51286 33072 0.19
703609 50950 33159 0.18
679419 348472 33172 0.10
706619 51286 33333 0.19
708589 51621 33420 0.18
695739 267335 33470 0.14
709899 51286 33594 0.19
672859 394793 33657 0.6
710169 50950 33681 0.18
713179 51286 33855 0.19
715149 51621 33942 0.18
702299 271687 33992 0.14
716459 51286 34116 0.19
717769 50950 34203 0.18
692884 360526 34216 0.10
723019 51286 34377 0.19
726029 51621 34464 0.18
708779 276039 34514 0.14
729499 51286 34638 0.19
685899 406761 34701 0.6
730889 50950 34725 0.18
738609 52291 34899 0.19
739069 51621 34986 0.18
715339 280391 35036 0.14
742619 51286 35160 0.19
745629 51621 35247 0.18
706004 371442 35260 0.10
749179 51286 35421 0.19
752189 51621 35508 0.18
727339 284743 35558 0.14
755659 51286 35682 0.19
699444 420098 35745 0.6
758749 51621 35769 0.18
762219 51286 35943 0.19
763529 50950 36030 0.18
741309 290984 36080 0.14
768779 51286 36204 0.19
771789 51621 36291 0.18
721204 382358 36304 0.10
775339 51286 36465 0.19
776649 50950 36552 0.18
754349 295365 36602 0.14
781819 51286 36726 0.19
712484 432105 36789 0.6
784909 51621 36813 0.18
788379 51286 36987 0.19
789689 50950 37074 0.18
767469 299745 37124 0.14
794939 51286 37248 0.19
797949 51621 37335 0.18
746939 391992 37348 0.10
801499 51286 37509 0.19
804509 51621 37596 0.18
779659 302151 37646 0.14
810529 52291 37770 0.19
734324 444112 37833 0.6
811069 51621 37857 0.18
814539 51286 38031 0.19
817549 51621 38118 0.18
792779 306503 38168 0.14
821099 51286 38292 0.19
822409 50950 38379 0.18
773099 402872 38392 0.10
827659 51286 38553 0.19
830669 51621 38640 0.18
805819 310855 38690 0.14
834139 51286 38814 0.19
760059 454633 38877 0.6
835529 50950 38901 0.18
840699 51286 39075 0.19
843709 51621 39162 0.18
818939 315207 39212 0.14
847259 51286 39336 0.19
848569 50950 39423 0.18
799259 413752 39436 0.10
853819 51286 39597 0.19
856829 51621 39684 0.18
831979 319559 39734 0.14
860299 51286 39858 0.19
786219 466601 39921 0.6
861689 50950 39945 0.18
866859 51286 40119 0.19
869869 51621 40206 0.18
845099 323911 40256 0.14
873419 51286 40380 0.19
876429 51621 40467 0.18
825844 426020 40480 0.10
882529 52291 40641 0.19
882989 51621 40728 0.18
858139 328263 40778 0.14
886459 51286 40902 0.19
812804 480133 40965 0.6
889549 51621 40989 0.18
893019 51286 41163 0.19
894329 50950 41250 0.18
871259 332615 41300 0.14
899579 51286 41424 0.19
902589 51621 41511 0.18
852004 436935 41524 0.10
903899 51286 41685 0.19
904169 50950 41772 0.18
885149 339169 41822 0.14
907179 51286 41946 0.19
838964 492140 42009 0.6
909149 51621 42033 0.18
910459 51286 42207 0.19
910729 50950 42294 0.18
898269 343550 42344 0.14
913739 51286 42468 0.19
915709 51621 42555 0.18
878164 447851 42568 0.10
917019 51286 42729 0.19
917209 50950 42816 0.18
906989 347930 42866 0.14
920299 51286 42990 0.19
865124 504148 43053 0.6
922189 51621 43077 0.18
923579 51286 43251 0.19
925469 51621 43338 0.18
912619 350023 43388 0.14
929329 52291 43512 0.19
928749 51621 43599 0.18
902859 457272 43612 0.10
930059 51286 43773 0.19
932029 51621 43860 0.18
919179 354375 43910 0.14
933339 51286 44034 0.19
890859 514473 44097 0.6
933609 50950 44121 0.18
936619 51286 44295 0.19
938589 51621 44382 0.18
925739 358727 44432 0.14
939899 51286 44556 0.19
940169 50950 44643 0.18
915899 468152 44656 0.10
943179 51286 44817 0.19
945069 51621 44904 0.18
932299 363079 44954 0.14
946459 51286 45078 0.19
909339 526441 45141 0.6
946649 50950 45165 0.18
949739 51286 45339 0.19
951629 51621 45426 0.18
938779 367431 45476 0.14
952939 51286 45600 0.19
953209 50950 45687 0.18
929444 480598 45700 0.10
956219 51286 45861 0.19
958189 51621 45948 0.18
945339 371783 45998 0.14
959499 51286 46122 0.19
922884 540169 46185 0.6
961469 51621 46209 0.18
965329 52291 46383 0.19
964749 51621 46470 0.18
951899 376135 46520 0.14
966059 51286 46644 0.19
968029 51621 46731 0.18
942484 491513 46744 0.10
969339 51286 46905 0.19
969529 50950 46992 0.18
959309 382974 47042 0.14
972619 51286 47166 0.19
935924 552176 47229 0.6
974509 51621 47253 0.18
975899 51286 47427 0.19
976089 50950 47514 0.18
965789 387354 47564 0.14
979099 51286 47688 0.19
981069 51621 47775 0.18
955604 502429 47788 0.10
982379 51286 47949 0.19
982649 50950 48036 0.18
972349 391735 48086 0.14
985659 51286 48210 0.19
949044 564183 48273 0.6
987629 51621 48297 0.18
988939 51286 48471 0.19
989209 50950 48558 0.18
978059 393543 48608 0.14
994769 52291 48732 0.19
994189 51621 48819 0.18
968219 511672 48832 0.10
995499 51286 48993 0.19
997389 51621 49080 0.18
984619 397895 49130 0.14
998779 51286 49254 0.19
961659 574313 49317 0.6
1000669 51621 49341 0.18
1002059 51286 49515 0.19
1003949 51621 49602 0.18
991099 402247 49652 0.14
1005259 51286 49776 0.19
1005529 50950 49863 0.18
981339 522552 49876 0.10
1008539 51286 50037 0.19
1010509 51621 50124 0.18
997659 406599 50174 0.14
1011819 51286 50298 0.19
974779 586281 50361 0.6
1012089 50950 50385 0.18
1015099 51286 50559 0.19
1017069 51621 50646 0.18
1004219 410951 50696 0.14
1018379 51286 50820 0.19
1018649 50950 50907 0.18
994804 535175 50920 0.10
1021659 51286 51081 0.19
1023549 51621 51168 0.18
1010779 415303 51218 0.14
1024939 51286 51342 0.19
987819 598249 51405 0.6
1025129 50950 51429 0.18
1029649 52291 51603 0.19
1027949 51621 51690 0.18
1017259 419655 51740 0.14
1027099 51286 51864 0.19
1027949 51621 51951 0.18
1007924 546091 51964 0.10
1027099 51286 52125 0.19
1027949 51621 52212 0.18
1023819 424007 52262 0.14
1027099 51286 52386 0.19
1001364 612212 52449 0.6
1027949 51621 52473 0.18
1027099 51286 52647 0.19
1026249 50950 52734 0.18
1027949 431159 52784 0.14
1027099 51286 52908 0.19
1027949 51621 52995 0.18
1020964 557006 53008 0.10
1026006 50855 53256 0.19
1027949 435539 53306 0.14
1027099 51286 53343 0.18
1014404 624219 53493 0.6
1027099 51286 53604 0.19
1027795 51560 53691 0.18
1027949 439919 53828 0.14
1027099 51286 53865 0.20
1027099 51286 53952 0.19
1027099 51286 54039 0.18
1027099 566072 54052 0.10
1027099 51286 54213 0.20
1029012 52040 54300 0.19
1027099 51286 54387 0.18
1027524 636226 54537 0.6
1027099 51286 54561 0.20
1029012 52040 54648 0.19
1027099 51286 54735 0.18
1026767 444627 54785 0.14
1027099 51286 54909 0.20
1027099 51286 54996 0.19
1027099 51286 55083 0.18
1027099 576952 55096 0.10
1027099 51286 55257 0.20
1027099 51286 55344 0.19
1027099 51286 55431 0.18
1027099 646121 55581 0.6
1027099 51286 55605 0.20
1027099 51286 55692 0.19
1027099 51286 55779 0.18
1027363 456483 55829 0.14
1027099 51286 55953 0.20
1027099 51286 56040 0.19
1027099 51286 56127 0.18
1027099 51286 56301 0.20
1027099 51286 56388 0.19
1027099 51286 56475 0.18
1027737 464352 56525 0.15
1027099 51286 56649 0.20
1027099 51286 56736 0.19
1027099 51286 56823 0.18
1027318 466133 56873 0.14
1027099 51286 56997 0.20
1027099 51286 57084 0.19
1027099 664617 57147 0.6
1028374 51788 57171 0.18
1027418 602361 57184 0.10
1029012 52040 57345 0.20
1027099 51286 57432 0.19
1028374 51788 57519 0.18
1027099 471879 57569 0.15
1029012 52040 57693 0.20
1027099 51286 57780 0.19
1028374 51788 57867 0.18
1027524 476696 57917 0.14
1027099 51286 58041 0.20
1027099 51286 58128 0.19
1027099 51286 58215 0.18
1027099 51286 58389 0.20
1027099 51286 58476 0.19
1027099 51286 58563 0.18
1027099 481671 58613 0.15
1027099 51286 58737 0.20
1027099 51286 58824 0.19
1027099 51286 58911 0.18
1027099 484935 58961 0.14
1027099 51286 59085 0.20
1027099 51286 59172 0.19
1027383 691144 59235 0.6
1027099 51286 59259 0.18
1027354 626049 59272 0.10
1027099 51286 59433 0.20
1027099 51286 59520 0.19
1027099 51286 59607 0.18
1027099 491463 59657 0.15
1027099 51286 59781 0.20
1029012 52040 59868 0.19
1027099 51286 59955 0.18
1027099 494727 60005 0.14
1027099 51286 60129 0.20
1029012 52040 60216 0.19
1027099 51286 60303 0.18
1027099 51286 60477 0.20
1027099 51286 60564 0.19
1027099 51286 60651 0.18
1027099 501255 60701 0.15
1027099 51286 60825 0.20
1027099 51286 60912 0.19
1027099 51286 60999 0.18
1027524 506168 61049 0.14
1027099 51286 61173 0.20
1027099 51286 61260 0.19
1027331 715939 61323 0.6
1027099 51286 61347 0.18
1027312 649820 61360 0.10
1027099 51286 61521 0.20
1027099 51286 61608 0.19
1027099 51286 61695 0.18
1027737 513552 61745 0.15
1027099 51286 61869 0.20
1027099 51286 61956 0.19
1027099 51286 62043 0.18
1027524 515992 62093 0.14
1027099 51286 62217 0.20
1027099 51286 62304 0.19
1027099 51286 62391 0.18
1027099 51286 62565 0.20
1027099 51286 62652 0.19
1028374 51788 62739 0.18
1027737 523392 62789 0.15
1029012 52040 62913 0.20
1027099 51286 63000 0.19
1028374 51788 63087 0.18
1027524 525816 63137 0.14
1030132 52040 63261 0.20
1028219 51286 63348 0.19
1027524 742107 63411 0.6
1029494 51788 63435 0.18
1027312 673795 63448 0.10
1028219 51286 63609 0.20
1028219 51286 63696 0.19
1027099 530631 63833 0.15
1028166 50855 63870 0.20
1030352 51717 63957 0.19
1029259 51286 64131 0.20
1028219 533895 64181 0.14
1029259 51286 64218 0.19
1029259 51286 64392 0.20
1029259 51286 64479 0.19
1030379 51286 64653 0.20
1030379 51286 64740 0.19
1028552 540714 64790 0.15
1030379 51286 64914 0.20
1030379 51286 65001 0.19
1029259 541511 65051 0.14
1030379 51286 65175 0.20
1030379 51286 65262 0.19
1032929 52291 65436 0.20
1027312 765963 65499 0.6
1030379 51286 65523 0.19
1028432 697770 65536 0.10
1030379 545863 65573 0.15
1030379 51286 65697 0.20
1032929 52291 65784 0.19
1030626 549079 65834 0.14
1031419 51286 65958 0.20
1031419 51286 66045 0.19
1031419 51286 66219 0.20
1031419 51286 66306 0.19
1030379 552391 66356 0.15
1031419 51286 66480 0.20
1031419 51286 66567 0.19
1030926 556897 66617 0.14
1031419 51286 66741 0.20
1032539 51286 66828 0.19
1033659 51286 67002 0.20
1033659 51286 67089 0.19
1030611 715313 67102 0.10
1032269 562572 67139 0.15
1034699 51286 67263 0.20
1029592 788485 67326 0.6
1034699 51286 67350 0.19
1031703 562317 67400 0.14
1035819 51286 67524 0.20
1036939 51286 67611 0.19
1036939 51286 67785 0.20
1036939 51286 67872 0.19
1033659 565447 67922 0.15
1037979 51286 68046 0.20
1037979 51286 68133 0.19
1033943 568860 68183 0.14
1041649 52291 68307 0.20
1039099 51286 68394 0.19
1039099 51286 68568 0.20
1042689 52291 68655 0.19
1031674 732882 68668 0.10
1036939 571975 68705 0.15
1041259 51286 68829 0.20
1030501 805721 68892 0.6
1042379 51286 68916 0.19
1037696 572900 68966 0.14
1042379 51286 69090 0.20
1042379 51286 69177 0.19
1043419 51286 69351 0.20
1043419 51286 69438 0.19
1039949 582284 69488 0.15
1044539 51286 69612 0.20
1044539 51286 69699 0.19
1040423 581944 69749 0.14
1045659 51286 69873 0.20
1046699 51286 69960 0.19
1046699 51286 70134 0.20
1046699 51286 70221 0.19
1038263 750488 70234 0.10
1043419 585031 70271 0.15
1047819 51286 70395 0.20
1035953 824315 70458 0.6
1047819 51286 70482 0.19
1043703 588486 70532 0.14
1048859 51286 70656 0.20
1048859 51286 70743 0.19
1048859 51286 70917 0.20
1051409 52291 71004 0.19
1046699 591559 71054 0.15
1051409 52291 71178 0.20
1048859 51286 71265 0.19
1046983 595028 71315 0.14
1048859 51286 71439 0.20
1048859 51286 71526 0.19
1049979 51286 71700 0.20
1045943 767934 71800 0.10
1048859 598087 71837 0.15
1051509 51889 71874 0.20
1042663 843796 72024 0.6
1049979 51286 72048 0.20
1049143 601571 72098 0.14
1049979 51286 72222 0.20
1049979 51286 72396 0.20
1049979 51286 72570 0.20
1048859 604615 72620 0.15
1049979 51286 72744 0.20
1049979 605703 72794 0.14
1051099 51286 72918 0.20
1051099 51286 73092 0.20
1050489 610263 73142 0.15
1051099 51286 73266 0.20
1050312 610524 73316 0.14
1049143 785379 73366 0.10
1052139 51286 73440 0.20
1048103 862332 73590 0.6
1052139 51286 73614 0.20
1049979 611143 73664 0.15
1052139 51286 73788 0.20
1051099 612231 73838 0.14
1052139 51286 73962 0.20
1052139 51286 74136 0.20
1051099 614407 74186 0.15
1052139 51286 74310 0.20
1052139 615495 74360 0.14
1052139 51286 74484 0.20
1050135 796595 74497 0.10
1052139 51286 74658 0.20
1052139 617671 74708 0.15
1052139 51286 74832 0.20
1052989 622803 74882 0.14
1050274 878761 74982 0.6
1052139 51286 75006 0.20
1052139 51286 75180 0.20
1053414 627022 75230 0.15
1052139 51286 75354 0.20
1052989 626088 75404 0.14
1052139 51286 75528 0.20
1052317 807623 75541 0.10
1052139 51286 75702 0.20
1053414 630318 75752 0.15
1052139 51286 75876 0.20
1052989 629374 75926 0.14
1051099 888745 76026 0.6
1052139 51286 76050 0.20
1052139 51286 76224 0.20
1052139 627463 76274 0.15
1052139 51286 76398 0.20
1052139 628551 76448 0.14
1055965 52794 76572 0.20
1052346 818700 76585 0.10
1055965 52794 76746 0.20
1052139 630727 76796 0.15
1052139 51286 76920 0.20
1052139 631815 76970 0.14
1052522 903363 77070 0.6
1052139 51286 77094 0.20
1052139 51286 77268 0.20
1052139 633991 77318 0.15
1052139 51286 77442 0.20
1052139 635079 77492 0.14
1052139 51286 77616 0.20
1052564 830987 77629 0.10
1052139 51286 77790 0.20
1052139 637255 77840 0.15
1052139 51286 77964 0.20
1052139 638343 78014 0.14
1052564 915664 78114 0.6
1052139 51286 78138 0.20
1052139 51286 78312 0.20
1052139 640519 78362 0.15
1052139 51286 78486 0.20
1052139 641607 78536 0.14
1052139 51286 78660 0.20
1052564 841902 78673 0.10
1052139 51286 78834 0.20
1052139 643783 78884 0.15
1052139 51286 79008 0.20
1052139 644871 79058 0.14
1052564 927671 79158 0.6
1052139 51286 79182 0.20
1052139 51286 79356 0.20
1052139 647047 79406 0.15
1052139 51286 79530 0.20
1052139 648135 79580 0.14
1052139 51286 79704 0.20
1052139 850040 79717 0.10
1052139 51286 79878 0.20
1052139 650311 79928 0.15
1052139 51286 80052 0.20
1052139 651399 80102 0.14
1052139 936617 80202 0.6
1052139 51286 80226 0.20
1052139 51286 80400 0.20
1053414 659982 80450 0.15
1052139 51286 80574 0.20
1052989 658942 80624 0.14
1052139 51286 80748 0.20
1052139 860920 80761 0.10
1052139 51286 80922 0.20
1053414 663278 80972 0.15
1052989 662227 81146 0.14
1053669 51889 81183 0.20
1052139 948585 81246 0.6
1052139 51286 81444 0.20
1052139 660103 81494 0.15
1052139 51286 81618 0.21
1052989 665512 81668 0.14
1052139 51286 81705 0.20
1052564 874649 81805 0.10
1052139 51286 81879 0.21
1052139 51286 81966 0.20
1052139 663367 82016 0.15
1054689 52291 82140 0.21
1052139 51286 82227 0.20
1051737 663482 82277 0.14
1052139 960553 82290 0.6
1052139 51286 82401 0.21
1054689 52291 82488 0.20
1052139 51286 82662 0.21
1052139 51286 82749 0.20
1051629 667268 82799 0.15
1052564 885565 82849 0.10
1052139 51286 82923 0.21
1052139 51286 83010 0.20
1052139 672071 83060 0.14
1052139 51286 83184 0.21
1052139 51286 83271 0.20
1052564 975700 83334 0.6
1052139 51286 83445 0.21
1052139 51286 83532 0.20
1052139 676423 83582 0.15
1052139 51286 83706 0.21
1052139 51286 83793 0.20
1052445 680196 83843 0.14
1052139 51286 83967 0.21
1052139 51286 84054 0.20
1052139 51286 84228 0.21
1052139 51286 84315 0.20
1052699 902870 84328 0.10
1052989 687415 84365 0.15
1052139 51286 84489 0.21
1052542 989720 84552 0.6
1052139 51286 84576 0.20
1052423 686620 84626 0.14
1052139 51286 84750 0.21
1052139 51286 84837 0.20
1054689 52291 85011 0.21
1052139 51286 85098 0.20
1052139 689479 85148 0.15
1052139 51286 85272 0.21
1054689 52291 85359 0.20
1052423 693162 85409 0.14
1052139 51286 85533 0.21
1052139 51286 85620 0.20
1052139 51286 85794 0.21
1052139 51286 85881 0.20
1052302 917555 85894 0.10
1052139 696007 85931 0.15
1052139 51286 86055 0.21
1052487 1007849 86118 0.6
1052139 51286 86142 0.20
1052423 699704 86192 0.14
1052139 51286 86316 0.21
1052139 51286 86403 0.20
1052139 51286 86577 0.21
1052139 51286 86664 0.20
1052989 707127 86714 0.15
1052139 51286 86838 0.21
1052139 51286 86925 0.20
1052423 706246 86975 0.14
1052139 51286 87099 0.21
1052139 51286 87186 0.20
1052139 51286 87360 0.21
1052139 51286 87447 0.20
1052284 934853 87460 0.10
1052139 709063 87497 0.15
1052139 51286 87621 0.21
1052139 1023657 87684 0.6
1054689 52291 87708 0.20
1052423 712788 87758 0.14
1054689 52291 87882 0.21
1052139 51286 87969 0.20
1052139 51286 88143 0.21
1052139 51286 88230 0.20
1052139 715591 88280 0.15
1052139 51286 88404 0.21
1052139 51286 88491 0.20
1051856 716203 88541 0.14
1052139 51286 88665 0.21
1052139 51286 88752 0.20
1052139 51286 88926 0.21
1052139 51286 89013 0.20
1052139 951224 89026 0.10
1052989 726839 89063 0.15
1052139 51286 89187 0.21
1052423 1044424 89250 0.6
1052139 51286 89274 0.20
1052423 725873 89324 0.14
1052139 51286 89448 0.21
1052139 51286 89535 0.20
1052139 51286 89709 0.21
1052139 51286 89796 0.20
1052139 728647 89846 0.15
1052139 51286 89970 0.21
1052139 51286 90057 0.20
1052423 732415 90107 0.14
1052139 51286 90231 0.21
1052139 51286 90318 0.20
1052139 51286 90492 0.21
1054689 52291 90579 0.20
1052423 970742 90592 0.10
1052139 735175 90629 0.15
1054689 52291 90753 0.21
1052423 1062960 90816 0.6
1052139 51286 90840 0.20
1052423 738957 90890 0.14
1052139 51286 91014 0.21
1052139 51286 91101 0.20
1052139 51286 91275 0.21
1052139 51286 91362 0.20
1052139 741703 91412 0.15
1052139 51286 91536 0.21
1052139 51286 91623 0.20
1052423 745500 91673 0.14
1052139 51286 91797 0.21
1052139 51286 91884 0.20
1052139 51286 92058 0.21
1052139 51286 92145 0.20
1052423 988188 92158 0.10
1052139 748231 92195 0.15
1052139 51286 92319 0.21
1052423 1081497 92382 0.6
1052139 51286 92406 0.20
1052423 752042 92456 0.14
1052139 51286 92580 0.21
1052139 51286 92667 0.20
1052139 51286 92841 0.21
1052139 51286 92928 0.20
1052989 759692 92978 0.15
1052139 51286 93102 0.21
1052139 51286 93189 0.20
1052423 758584 93239 0.14
1052139 51286 93363 0.21
1054689 52291 93450 0.20
1054689 52291 93624 0.21
1052139 51286 93711 0.20
1052423 1005634 93724 0.10
1052139 761287 93761 0.15
1052139 51286 93885 0.21
1052423 1100033 93948 0.6
1052139 51286 93972 0.20
1052423 765126 94022 0.14
1052139 51286 94146 0.21
1052139 51286 94233 0.20
1052139 51286 94407 0.21
1052139 51286 94494 0.20
1052139 767815 94544 0.15
1052139 51286 94668 0.21
1052139 51286 94755 0.20
1052423 771668 94805 0.14
1052139 51286 94929 0.21
1052139 51286 95016 0.20
1052139 51286 95190 0.21
1052139 51286 95277 0.20
1052423 1023080 95290 0.10
1052989 779404 95327 0.15
1052139 51286 95451 0.21
1052423 1118569 95514 0.6
1052139 51286 95538 0.20
1052423 778211 95588 0.14
1052139 51286 95712 0.21
1052139 51286 95799 0.20
1052139 51286 95973 0.21
1052139 51286 96060 0.20
1052139 780871 96110 0.15
1052139 51286 96234 0.21
1054689 52291 96321 0.20
1052423 784753 96371 0.14
1054689 52291 96495 0.21
1052139 51286 96582 0.20
1052139 51286 96756 0.21
1052139 51286 96843 0.20
1052423 1040526 96856 0.10
1052139 787399 96893 0.15
1052139 51286 97017 0.21
1052423 1137105 97080 0.6
1052139 51286 97104 0.20
1052423 791295 97154 0.14
1052139 51286 97278 0.21
1052139 51286 97365 0.20
1052139 51286 97539 0.21
1052139 51286 97626 0.20
1052989 799116 97676 0.15
1052139 51286 97800 0.21
1052139 51286 97887 0.20
1052423 797837 97937 0.14
1052139 51286 98061 0.21
1052139 51286 98148 0.20
1052139 51286 98322 0.21
1052139 51286 98409 0.20
1052423 1057972 98422 0.10
1052139 800455 98459 0.15
1052139 51286 98583 0.21
1052139 1153129 98646 0.6
1052139 51286 98670 0.20
1052423 804380 98720 0.14
1054689 52291 98844 0.21
1052139 51286 98931 0.20
1052139 51286 99105 0.21
1054689 52291 99192 0.20
1052139 806983 99242 0.15
1052139 51286 99366 0.21
1052139 51286 99453 0.20
1051856 807396 99503 0.14
1052139 51286 99627 0.21
1052139 51286 99714 0.20
1052139 51286 99888 0.21
1052139 51286 99975 0.20
1052139 1073080 99988 0.10
1052989 818828 100025 0.15
1052139 51286 100149 0.21
1052423 1174178 100212 0.6
1052139 51286 100236 0.20
1052423 817464 100286 0.14
1052139 51286 100410 0.21
1052139 51286 100497 0.20
1052139 51286 100671 0.21
1052139 51286 100758 0.20
1052139 820039 100808 0.15
1052139 51286 100932 0.21
1052139 51286 101019 0.20
1052423 824006 101069 0.14
1052139 51286 101193 0.21
1052139 51286 101280 0.20
1052139 51286 101454 0.21
1052139 51286 101541 0.20
1052423 1092864 101554 0.10
1052139 826567 101591 0.15
1054689 52291 101715 0.21
1052423 1192714 101778 0.6
1052139 51286 101802 0.20
1052423 830548 101852 0.14
1052139 51286 101976 0.21
1054689 52291 102063 0.20
1052139 51286 102237 0.21
1052139 51286 102324 0.20
1052139 833095 102374 0.15
1052139 51286 102498 0.21
1052139 51286 102585 0.20
1052423 837091 102635 0.14
1052139 51286 102759 0.21
1052139 51286 102846 0.20
1052139 51286 103020 0.21
1052139 51286 103107 0.20
1052423 1110310 103120 0.10
1052139 839623 103157 0.15
1052139 51286 103281 0.21
1052423 1211251 103344 0.6
1052423 843633 103418 0.14
1053669 51889 103455 0.21
1052139 51286 103629 0.21
1052139 51286 103803 0.21
1052989 851681 103940 0.15
1052139 51286 103977 0.21
1052139 51286 104151 0.21
1052423 850175 104201 0.14
1052139 51286 104325 0.21
1052139 51286 104499 0.21
1052139 850503 104549 0.15
1052139 51286 104673 0.21
1052423 1127756 104686 0.10
1052139 851591 104723 0.14
1052139 51286 104847 0.21
1052423 1229787 104910 0.6
1052139 51286 105021 0.21
1051551 849904 105071 0.15
1052139 51286 105195 0.21
1051775 852460 105245 0.14
1052139 51286 105369 0.21
1052139 51286 105543 0.21
1053414 865433 105593 0.15
1052139 51286 105717 0.21
1052989 863727 105767 0.14
1052139 51286 105891 0.21
1052139 1138360 105904 0.10
1052139 51286 106065 0.21
1053414 868729 106115 0.15
1052139 51286 106239 0.21
1052989 867013 106289 0.14
1052284 1245903 106389 0.6
1052139 51286 106413 0.21
1052139 51286 106587 0.21
1052139 863559 106637 0.15
1052139 51286 106761 0.21
1052989 870298 106811 0.14
1052139 51286 106935 0.21
1052487 1152313 106948 0.10
1052139 51286 107109 0.21
1052139 866823 107159 0.15
1055965 52794 107283 0.21
1052139 867911 107333 0.14
1052628 1261207 107433 0.6
1055965 52794 107457 0.21
1052139 51286 107631 0.21
1052139 870087 107681 0.15
1052139 51286 107805 0.21
1052139 871175 107855 0.14
1052139 51286 107979 0.21
1052542 1163712 107992 0.10
1052139 51286 108153 0.21
1052139 873351 108203 0.15
1052139 51286 108327 0.21
1052139 874439 108377 0.14
1052326 1270277 108477 0.6
1052139 51286 108501 0.21
1052139 51286 108675 0.21
1052139 876615 108725 0.15
1052139 51286 108849 0.21
1052139 877703 108899 0.14
1052139 51286 109023 0.21
1052564 1174827 109036 0.10
1052139 51286 109197 0.21
1052139 879879 109247 0.15
1052139 51286 109371 0.21
1052139 880967 109421 0.14
1052564 1284610 109521 0.6
1052139 51286 109545 0.21
1052139 51286 109719 0.21
1052139 883143 109769 0.15
1052139 51286 109893 0.21
1052139 884231 109943 0.14
1052139 51286 110067 0.21
1052139 1181880 110080 0.10
1052139 51286 110241 0.21
1052139 886407 110291 0.15
1052139 51286 110415 0.21
1052139 887495 110465 0.14
1052139 1292393 110565 0.6
1052139 51286 110589 0.21
1052139 51286 110763 0.21
1052139 889671 110813 0.15
1052139 51286 110937 0.21
1052989 896581 110987 0.14
1052139 51286 111111 0.21
1052139 1192760 111124 0.10
1052139 51286 111285 0.21
1053414 901689 111335 0.15
1052139 51286 111459 0.21
1052989 899866 111509 0.14
1052139 1304361 111609 0.6
1052139 51286 111633 0.21
1052139 51286 111807 0.21
1053414 904985 111857 0.15
1052139 51286 111981 0.21
1052989 903151 112031 0.14
1052139 51286 112155 0.21
1052564 1207574 112168 0.10
1052139 51286 112329 0.21
1052139 899463 112379 0.15
1052139 51286 112503 0.21
1052139 900551 112553 0.14
1052139 1316329 112653 0.6
1052139 51286 112677 0.21
1055965 52794 112851 0.21
1052139 902727 112901 0.15
1055965 52794 113025 0.21
1052139 903815 113075 0.14
1052139 51286 113199 0.21
1052564 1218489 113212 0.10
1052139 51286 113373 0.21
1052139 905991 113423 0.15
1052139 51286 113547 0.21
1052139 907079 113597 0.14
1052564 1332638 113697 0.6
1052139 51286 113721 0.21
1052139 51286 113895 0.21
1052139 909255 113945 0.15
1052139 51286 114069 0.21
1052139 910343 114119 0.14
1052139 51286 114243 0.21
1052564 1229405 114256 0.10
1052139 51286 114417 0.21
1052139 912519 114467 0.15
1052139 51286 114591 0.21
1052139 913607 114641 0.14
1052564 1344645 114741 0.6
1052139 51286 114765 0.21
1052139 51286 114939 0.21
1052139 915783 114989 0.15
1052139 51286 115113 0.21
1052139 916871 115163 0.14
1052139 51286 115287 0.21
1052139 1236280 115300 0.10
1052139 51286 115461 0.21
1052139 919047 115511 0.15
1052139 51286 115635 0.21
1052139 920135 115685 0.14
1052564 1356652 115785 0.6
1052139 51286 115809 0.21
1052139 51286 115983 0.21
1052139 922311 116033 0.15
1052139 51286 116157 0.21
1052139 923399 116207 0.14
1052139 51286 116331 0.21
1052139 1247160 116344 0.10
1052139 51286 116505 0.21
1053414 934649 116555 0.15
1052139 51286 116679 0.21
1052989 932719 116729 0.14
1052139 1364201 116829 0.6
1052139 51286 116853 0.21
1052139 51286 117027 0.21
1053414 937945 117077 0.15
1052139 51286 117201 0.21
1052989 936005 117251 0.14
1052139 51286 117375 0.21
1052139 1258040 117388 0.10
1052139 51286 117549 0.21
1052139 932103 117599 0.15
1052139 51286 117723 0.21
1052989 939290 117773 0.14
1052139 1376169 117873 0.6
1052139 51286 117897 0.21
1052139 51286 118071 0.21
1052139 935367 118121 0.15
1052139 51286 118245 0.21
1052139 936455 118295 0.14
1055965 52794 118419 0.21
1052564 1273067 118432 0.10
1055965 52794 118593 0.21
1052139 938631 118643 0.15
1052139 51286 118767 0.21
1052139 939719 118817 0.14
1052564 1392674 118917 0.6
1052139 51286 118941 0.21
1052139 51286 119115 0.21
1052139 941895 119165 0.15
1052139 51286 119289 0.21
1052139 942983 119339 0.14
1052139 51286 119463 0.21
1052564 1283982 119476 0.10
1052139 51286 119637 0.21
1052139 945159 119687 0.15
1052139 51286 119811 0.21
1052139 946247 119861 0.14
1052564 1404681 119961 0.6
1052139 51286 119985 0.21
1052139 51286 120159 0.21
1052139 948423 120209 0.15
1052139 51286 120333 0.21
1052139 949511 120383 0.14
1052139 51286 120507 0.21
1052564 1294898 120520 0.10
1052139 51286 120681 0.21
1052139 951687 120731 0.15
1052139 51286 120855 0.21
1052139 952775 120905 0.14
1052564 1416688 121005 0.6
1052139 51286 121029 0.21
1052139 51286 121203 0.21
1052139 954951 121253 0.15
1052139 51286 121377 0.21
1052139 956039 121427 0.14
1052139 51286 121551 0.21
1052139 1301560 121564 0.10
1052139 51286 121725 0.21
1052139 958215 121775 0.15
1052139 51286 121899 0.21
1052139 959303 121949 0.14
1052139 1424041 122049 0.6
1052139 51286 122073 0.21
1052139 51286 122247 0.21
1053414 970905 122297 0.15
1052139 51286 122421 0.21
1052989 968858 122471 0.14
1052139 51286 122595 0.21
1052139 1312440 122608 0.10
1052139 51286 122769 0.21
1053414 974201 122819 0.15
1052139 51286 122943 0.21
1052989 972143 122993 0.14
1052139 1436009 123093 0.6
1052139 51286 123117 0.21
1052139 968007 123341 0.15
1052989 975429 123515 0.14
1052564 1327645 123652 0.10
1052139 971271 123863 0.15
1052139 972359 124037 0.14
1052564 1452709 124137 0.6
1051444 968241 124298 0.15
1052139 973447 124385 0.14
1052139 973447 124559 0.15
1051551 969042 124646 0.14
1052564 1338560 124696 0.10
1052139 973447 124820 0.15
1052139 973447 124907 0.14
1052139 973447 125081 0.15
1052989 979809 125168 0.14
1052564 1464716 125181 0.6
1054689 992534 125342 0.15
1052989 979809 125429 0.14
1052371 1344208 125479 0.10
1052139 973447 125603 0.15
1052989 979809 125690 0.14
1052139 973447 125864 0.15
1051289 967084 125951 0.14
1052423 1349101 126001 0.10
1052139 973447 126125 0.15
1052989 979809 126212 0.14
1052564 1476724 126225 0.6
1052139 973447 126386 0.15
1051289 967084 126473 0.14
1052504 1354303 126523 0.10
1052139 973447 126647 0.15
1052989 979809 126734 0.14
1052139 1477353 126747 0.6
1051046 965267 126995 0.15
1052989 1363728 127045 0.10
1052139 973447 127082 0.14
1052139 1482793 127269 0.6
1052139 973447 127343 0.15
1052835 978652 127430 0.14
1052139 1359224 127567 0.10
1052139 973447 127604 0.16
1054052 987762 127691 0.15
1052139 973447 127778 0.14
1052139 1488233 127791 0.6
1052139 973447 127952 0.16
1054052 987762 128039 0.15
1052139 973447 128126 0.14
1051737 1360439 128176 0.10
1052139 973447 128300 0.16
1052139 1493673 128313 0.6
1052139 973447 128387 0.15
1052139 973447 128474 0.14
1052139 973447 128648 0.16
1052139 973447 128735 0.15
1052139 973447 128822 0.14
1052139 1499113 128835 0.6
1052139 973447 128996 0.16
1052139 973447 129083 0.15
1052139 973447 129170 0.14
1052445 1377690 129220 0.10
1052139 973447 129344 0.16
1052139 973447 129431 0.15
1052139 973447 129518 0.14
1052139 1506729 129531 0.6
1052139 973447 129692 0.16
1052139 973447 129779 0.15
1052139 973447 129866 0.14
1052423 1383993 129916 0.10
1052139 973447 130040 0.16
1052139 973447 130127 0.15
1052139 973447 130214 0.14
1052139 973447 130388 0.16
1052139 973447 130475 0.15
1053414 982990 130562 0.14
1052728 1525569 130575 0.6
1054052 987762 130736 0.16
1052139 973447 130823 0.15
1053414 982990 130910 0.14
1052617 1395889 130960 0.10
1054052 987762 131084 0.16
1052139 973447 131171 0.15
1053414 982990 131258 0.14
1052686 1532727 131271 0.6
1052139 973447 131432 0.16
1052139 973447 131519 0.15
1052139 973447 131606 0.14
1052139 1397304 131656 0.10
1052139 973447 131780 0.16
1052139 973447 131867 0.15
1052139 973447 131954 0.14
1052139 973447 132128 0.16
1052139 973447 132215 0.15
1052139 973447 132302 0.14
1052617 1543937 132315 0.6
1052139 1403920 132359 0.11
1052139 973447 132476 0.16
1052139 973447 132563 0.15
1052139 973447 132650 0.14
1052139 1407096 132700 0.10
1052139 973447 132824 0.16
1052139 973447 132911 0.15
1052139 973447 132998 0.14
1052139 1545897 133011 0.6
1052139 973447 133172 0.16
1054052 987762 133259 0.15
1052139 973447 133346 0.14
1052139 1413624 133396 0.10
1052139 973447 133520 0.16
1054052 987762 133607 0.15
1052139 973447 133694 0.14
1052139 973447 133868 0.16
1052139 973447 133955 0.15
1052139 973447 134042 0.14
1052139 1557865 134055 0.6
1052139 1420240 134099 0.11
1052139 973447 134216 0.16
1052139 973447 134303 0.15
1052139 973447 134390 0.14
1052617 1428649 134440 0.10
1052139 973447 134564 0.16
1052139 973447 134651 0.15
1052139 973447 134738 0.14
1052139 1565481 134751 0.6
1052362 51373 134775 0.18
1052139 973447 134912 0.16
1052139 973447 134999 0.15
1052139 973447 135086 0.14
1052686 1435952 135136 0.10
1052139 973447 135260 0.16
1052139 973447 135347 0.15
1052139 973447 135434 0.14
1052368 51376 135558 0.18
1052139 973447 135608 0.16
1052139 973447 135695 0.15
1052617 1583249 135795 0.6
1052522 1440785 135839 0.11
1052989 980904 135869 0.14
1052989 980904 136043 0.16
1052989 980904 136130 0.15
1052617 1445029 136180 0.10
1054052 988866 136304 0.16
1052377 51379 136341 0.18
1052139 974535 136391 0.15
1052686 1591725 136491 0.6
1053232 983821 136652 0.16
1051046 967424 136739 0.15
1051046 967424 136913 0.16
1051875 1444416 136963 0.10
1053232 983821 137000 0.15
1052139 975623 137174 0.16
1052139 975623 137261 0.15
1052728 1458361 137492 0.11
1053232 984919 137522 0.16
1052617 1602905 137535 0.6
1051046 968503 137609 0.15
1051046 968503 137783 0.16
1052386 1457729 137833 0.10
1053232 984919 137870 0.15
1052564 51453 137907 0.18
1052139 976711 138044 0.16
1052139 976711 138131 0.15
1052139 1604649 138231 0.6
1052139 976711 138305 0.16
1052139 976711 138392 0.15
1052139 1460408 138442 0.10
1052139 976711 138566 0.16
1052139 976711 138653 0.15
1052346 51367 138777 0.18
1054689 995862 138827 0.16
1052375 51379 138951 0.19
1052139 1464848 138971 0.11
1053232 986016 139001 0.15
1052139 1614441 139101 0.6
1053232 986016 139175 0.16
1052728 1473574 139225 0.10
1053232 986016 139262 0.15
1053495 51378 139386 0.19
1051046 969582 139436 0.16
1052139 977799 139523 0.15
1052139 977799 139697 0.16
1053455 51363 139734 0.18
1052139 1471288 139747 0.10
1053232 987113 139871 0.15
1055075 51560 139908 0.19
1053259 979975 140132 0.16
1053259 979975 140219 0.15
1053684 51011 140343 0.19
1052371 1479448 140363 0.11
1052409 974651 140480 0.16
1052139 1629673 140493 0.6
1053259 981063 140567 0.15
1052445 1482384 140617 0.10
1055419 51286 140778 0.19
1054379 982151 140828 0.16
1053529 976812 141002 0.15
1054379 983239 141176 0.16
1056949 51889 141213 0.19
1054379 983239 141263 0.15
1053259 1485432 141313 0.10
1054379 984327 141524 0.16
1055784 51429 141561 0.18
1056512 992599 141611 0.15
1056115 51560 141735 0.19
1057332 999906 141872 0.16
1055419 985415 141959 0.15
1053607 1651485 142059 0.6
1054804 1498015 142103 0.11
1056512 993696 142133 0.16
1054724 51011 142170 0.19
1055419 986503 142307 0.15
1054626 1499151 142444 0.10
1054326 978213 142481 0.16
1055419 51286 142605 0.19
1055419 987591 142655 0.15
1053259 1653609 142668 0.7
1055582 51350 142866 0.18
1056269 995141 142916 0.16
1055419 988679 143003 0.15
1055966 1508062 143053 0.10
1056115 51560 143127 0.19
1056269 996236 143264 0.16
1055419 989767 143351 0.15
1054326 981449 143525 0.16
1055589 51353 143649 0.18
1055419 990855 143699 0.15
1055852 1671123 143712 0.6
1055419 1509456 143843 0.11
1055419 991943 143960 0.16
1055419 51286 143997 0.19
1055419 991943 144047 0.15
1055897 1517101 144097 0.10
1056269 999521 144308 0.16
1057332 1007634 144395 0.15
1055822 1678374 144408 0.7
1056512 1001376 144569 0.16
1057332 1008738 144743 0.15
1055703 1521379 144793 0.10
1056512 1002473 144917 0.16
1055419 995207 145091 0.15
1055606 51359 145128 0.18
1055419 995207 145265 0.16
1054326 986844 145352 0.15
1055822 1690379 145452 0.6
1055615 1526987 145496 0.11
1054326 986844 145526 0.16
1055419 995207 145613 0.15
1055419 995207 145787 0.16
1055419 1527864 145837 0.10
1055419 995207 145874 0.15
1055419 995207 146048 0.16
1054326 987923 146222 0.15
1055606 1696296 146235 0.7
1057128 51518 146259 0.18
1054326 987923 146396 0.16
1055703 1536645 146446 0.10
1056512 1004667 146483 0.15
1056512 1004667 146657 0.16
1055419 996295 146744 0.15
1056746 51367 146868 0.18
1055419 996295 146918 0.16
1055844 1542769 146975 0.11
1056539 996295 147005 0.15
1056539 996295 147179 0.16
1055549 1706445 147192 0.6
1055683 1544046 147316 0.10
1057632 1005764 147353 0.15
1057632 1005764 147527 0.16
1057632 1005764 147614 0.15
1055419 1710185 147714 0.7
1057632 1005764 147788 0.16
1055752 1549224 147838 0.10
1057632 1006861 147962 0.15
1057632 1006861 148136 0.16
1055446 990080 148223 0.15
1056486 990080 148397 0.16
1056989 1556166 148454 0.11
1057579 998471 148484 0.15
1055419 1719977 148584 0.6
1057579 998471 148658 0.16
1056539 1552888 148708 0.10
1057579 998471 148745 0.15
1057579 998471 148919 0.16
1057579 998471 149006 0.15
1056771 1728493 149106 0.7
1057579 998471 149180 0.16
1057579 998471 149267 0.15
1056872 1562314 149317 0.10
1057579 998471 149441 0.16
1057579 998471 149528 0.15
1057579 998471 149702 0.16
1057579 998471 149789 0.15
1057811 1565553 149846 0.11
1060129 1018049 149963 0.16
1057579 998471 150050 0.15
1056684 1738225 150063 0.6
1057579 1564856 150100 0.10
1057579 998471 150224 0.16
1060129 1018049 150311 0.15
1057579 998471 150485 0.16
1057579 998471 150572 0.15
1057811 1744842 150585 0.7
1057579 1569208 150622 0.10
1057579 998471 150746 0.16
1057579 998471 150833 0.15
1057579 998471 151007 0.16
1057579 998471 151094 0.15
1057826 1576634 151151 0.11
1057579 998471 151268 0.16
1057579 998471 151355 0.15
1057898 1754732 151368 0.6
1057579 1575736 151405 0.10
1057579 998471 151529 0.16
1057579 998471 151616 0.15
1057579 998471 151790 0.16
1057579 998471 151877 0.15
1058057 1762337 151890 0.7
1057944 1584514 151927 0.10
1057579 998471 152051 0.16
1057579 998471 152138 0.15
1057579 998471 152312 0.16
1057579 998471 152399 0.15
1057579 1584528 152456 0.11
1057579 998471 152573 0.16
1058699 998471 152660 0.15
1058068 1771211 152673 0.6
1058217 1594394 152710 0.10
1061249 1018049 152834 0.16
1058699 998471 152921 0.15
1058699 998471 153095 0.16
1061249 1018049 153182 0.15
1058089 1776967 153195 0.7
1057944 1595425 153232 0.10
1058699 998471 153356 0.16
1060229 1010218 153530 0.16
1058699 998471 153704 0.16
1058699 1595408 153761 0.11
1058699 998471 153878 0.16
1057749 1781055 153978 0.6
1059337 1605327 154015 0.10
1059819 998471 154052 0.16
1059819 998471 154226 0.16
1059819 998471 154400 0.16
1058699 1600760 154450 0.10
1057579 1784169 154500 0.7
1059819 998471 154574 0.16
1059819 998471 154748 0.16
1058983 1606516 154805 0.11
1059819 998471 154922 0.16
1058699 1604024 154972 0.10
1059819 998471 155096 0.16
1059819 998471 155270 0.16
1058869 1795217 155283 0.6
1059309 1599901 155320 0.10
1059819 998471 155444 0.16
1059819 998471 155618 0.16
1058699 1796137 155631 0.7
1059819 1608464 155675 0.11
1059819 998471 155792 0.16
1059819 1609464 155842 0.10
1059819 998471 155966 0.16
1059819 998471 156140 0.16
1059819 1801577 156153 0.6
1059819 1611640 156190 0.10
1059819 998471 156314 0.16
1059819 998471 156488 0.16
1060152 1809457 156501 0.7
1060584 1623397 156545 0.11
1059819 998471 156662 0.16
1060776 1626778 156712 0.10
1059819 998471 156836 0.16
1059819 998471 157010 0.16
1060038 1813324 157023 0.6
1060912 1630669 157060 0.10
1059819 998471 157184 0.16
1059819 998471 157358 0.16
1059819 1813545 157371 0.7
1060584 1628869 157415 0.11
1059819 998471 157532 0.16
1060776 1632258 157582 0.10
1059819 998471 157706 0.16
1059819 998471 157880 0.16
1060329 1826119 157893 0.6
1059819 1622520 157930 0.10
1059819 998471 158054 0.16
1059819 998471 158228 0.16
1060584 1832969 158241 0.7
1059819 1624784 158285 0.11
1063645 1027838 158402 0.16
1059819 1625784 158452 0.10
1061349 1010218 158663 0.16
1060329 1834857 158763 0.6
1059819 1627960 158800 0.10
1059819 998471 158924 0.16
1059819 998471 159098 0.17
1060584 1841724 159111 0.7
1059819 1630224 159155 0.11
1059819 998471 159185 0.16
1059819 1631224 159322 0.10
1059819 998471 159359 0.17
1059819 998471 159446 0.16
1059819 998471 159620 0.17
1060329 1843595 159633 0.6
1059819 998471 159707 0.16
1060329 1640898 159757 0.10
1059819 998471 159881 0.17
1059819 998471 159968 0.16
1059819 1839657 159981 0.7
1059819 998471 160142 0.17
1059819 998471 160229 0.16
1060152 1643119 160286 0.11
1059819 998471 160403 0.17
1059819 998471 160490 0.16
1059819 1845097 160503 0.6
1059819 1641016 160540 0.10
1059819 998471 160664 0.17
1059819 998471 160751 0.16
1059819 998471 160925 0.17
1059819 998471 161012 0.16
1059819 1850537 161025 0.7
1059819 1645368 161062 0.10
1059819 998471 161186 0.17
1062369 1018049 161273 0.16
1062369 1018049 161447 0.17
1059819 998471 161534 0.16
1059819 1649808 161591 0.11
1059819 998471 161708 0.17
1059819 998471 161795 0.16
1060038 1862366 161808 0.6
1059819 1651896 161845 0.10
1059819 998471 161969 0.17
1059819 998471 162056 0.16
1059819 998471 162230 0.17
1059819 998471 162317 0.16
1060103 1868744 162330 0.7
1060184 1660887 162367 0.10
1059819 998471 162491 0.17
1059819 998471 162578 0.16
1059819 998471 162752 0.17
1059819 998471 162839 0.16
1059819 1660688 162896 0.11
1059819 998471 163013 0.17
1059819 998471 163100 0.16
1060202 1878895 163113 0.6
1060457 1670927 163150 0.10
1059819 998471 163274 0.17
1059819 998471 163361 0.16
1059819 998471 163535 0.17
1059819 998471 163622 0.16
1060329 1886193 163635 0.7
1060184 1671798 163672 0.10
1059819 998471 163796 0.17
1059819 998471 163883 0.16
1059819 998471 164057 0.17
1062369 1018049 164144 0.16
1060329 1678123 164201 0.11
1062369 1018049 164318 0.17
1059819 998471 164405 0.16
1059989 1889997 164418 0.6
1059819 1673656 164455 0.10
1059819 998471 164579 0.17
1059819 998471 164666 0.16
1059819 998471 164840 0.17
1059819 998471 164927 0.16
1059819 1892969 164940 0.7
1060184 1682708 164977 0.10
1059819 998471 165101 0.17
1059819 998471 165188 0.16
1059819 998471 165362 0.17
1059819 998471 165449 0.16
1060329 1689046 165506 0.11
1059819 998471 165623 0.17
1059819 998471 165710 0.16
1059989 1904159 165723 0.6
1059819 1684536 165760 0.10
1059819 998471 165884 0.17
1059819 998471 165971 0.16
1059819 998471 166145 0.17
1059819 998471 166232 0.16
1059819 1907113 166245 0.7
1060184 1693619 166282 0.10
1059819 998471 166406 0.17
1059819 998471 166493 0.16
1062369 1018049 166667 0.17
1059819 998471 166754 0.16
1059819 1693328 166811 0.11
1059819 998471 166928 0.17
1062369 1018049 167015 0.16
1059989 1918322 167028 0.6
1059819 1695416 167065 0.10
1059819 998471 167189 0.17
1059819 998471 167276 0.16
1059819 998471 167450 0.17
1059819 998471 167537 0.16
1060329 1928792 167550 0.7
1060184 1704529 167587 0.10
1059819 998471 167711 0.17
1059819 998471 167798 0.16
1059819 998471 167972 0.17
1059819 998471 168059 0.16
1059819 1704208 168116 0.11
1059819 998471 168233 0.17
1059819 998471 168320 0.16
1059989 1932484 168333 0.6
1060457 1714660 168370 0.10
1059819 998471 168494 0.17
1059819 998471 168581 0.16
1059819 998471 168755 0.17
1059819 998471 168842 0.16
1060329 1942991 168855 0.7
1060184 1715440 168892 0.10
1059819 998471 169016 0.17
1059819 998471 169103 0.16
1059819 998471 169277 0.17
1059819 998471 169364 0.16
1060329 1721814 169421 0.11
1062369 1018049 169538 0.17
1059819 998471 169625 0.16
1059989 1946647 169638 0.6
1059819 1717176 169675 0.10
1059819 998471 169799 0.17
1062369 1018049 169886 0.16
1059819 998471 170060 0.17
1059819 998471 170147 0.16
1059819 1949545 170160 0.7
1059455 1716706 170197 0.10
1059819 998471 170321 0.17
1059819 998471 170408 0.16
1059819 998471 170582 0.17
1059819 998471 170669 0.16
1060329 1732736 170726 0.11
1059819 998471 170843 0.17
1059819 998471 170930 0.16
1059989 1960809 170943 0.6
1059819 1728056 170980 0.10
1059819 998471 171104 0.17
1059819 998471 171191 0.16
1059819 998471 171365 0.17
1059819 998471 171452 0.16
1059819 1963689 171465 0.7
1060184 1737261 171502 0.10
1059819 998471 171626 0.17
1059819 998471 171713 0.16
1059819 998471 171887 0.17
1059819 998471 171974 0.16
1059819 1736848 172031 0.11
1059819 998471 172148 0.17
1062369 1018049 172235 0.16
1060329 1980128 172248 0.6
1060457 1747460 172285 0.10
1062369 1018049 172409 0.17
1059819 998471 172496 0.16
1059819 998471 172670 0.17
1059819 998471 172757 0.16
1060329 1985590 172770 0.7
1060184 1748171 172807 0.10
1059819 998471 172931 0.17
1059819 998471 173018 0.16
1059819 998471 173192 0.17
1059819 998471 173279 0.16
1059819 1747728 173336 0.11
1059819 998471 173453 0.17
1059819 998471 173540 0.16
1059989 1989134 173553 0.6
1060457 1758394 173590 0.10
1059819 998471 173714 0.17
1059819 998471 173801 0.16
1059819 998471 173975 0.17
1059819 998471 174062 0.16
1059819 1991977 174075 0.7
1060184 1759082 174112 0.10
1059819 998471 174236 0.17
1059819 998471 174323 0.16
1059819 998471 174497 0.17
1059819 998471 174584 0.16
1060329 1765504 174641 0.11
1059819 998471 174758 0.17
1059819 998471 174845 0.16
1059989 2003297 174858 0.6
1059819 1760696 174895 0.10
1059819 998471 175019 0.17
1062369 1018049 175106 0.16
1062369 1018049 175280 0.17
1059819 998471 175367 0.16
1059819 2006121 175380 0.7
1059455 1760104 175417 0.10
1059819 998471 175541 0.17
1059819 998471 175628 0.16
1059819 998471 175802 0.17
1059819 998471 175889 0.16
1059819 1769488 175946 0.11
1059819 998471 176063 0.17
1059819 998471 176150 0.16
1059989 2017459 176163 0.6
1059819 1771576 176200 0.10
1059819 998471 176324 0.17
1059819 998471 176411 0.16
1059819 998471 176585 0.17
1059819 998471 176672 0.16
1060329 2028188 176685 0.7
1060184 1780903 176722 0.10
1059819 998471 176846 0.17
1059819 998471 176933 0.16
1059819 998471 177107 0.17
1059819 998471 177194 0.16
1059819 1780368 177251 0.11
1059819 998471 177368 0.17
1059819 998471 177455 0.16
1060329 2036926 177468 0.6
1060457 1791194 177505 0.10
1059819 998471 177629 0.17
1059819 998471 177716 0.16
1059819 998471 177890 0.17
1062369 1018049 177977 0.16
1060329 2042388 177990 0.7
1060184 1791813 178027 0.10
1062369 1018049 178151 0.17
1059819 998471 178238 0.16
1059819 998471 178412 0.17
1059819 998471 178499 0.16
1060329 1798272 178556 0.11
1059819 998471 178673 0.17
1059819 998471 178760 0.16
1059989 2045784 178773 0.6
1060457 1802127 178810 0.10
1059819 998471 178934 0.17
1059819 998471 179021 0.16
1059819 998471 179195 0.17
1059819 998471 179282 0.16
1059819 2048553 179295 0.7
1060184 1802724 179332 0.10
1059819 998471 179456 0.17
1059819 998471 179543 0.16
1059819 998471 179717 0.17
1059819 998471 179804 0.16
1060329 1809195 179861 0.11
1059819 998471 179978 0.17
1059819 998471 180065 0.16
1059989 2059947 180078 0.6
1059819 1804216 180115 0.10
1059819 998471 180239 0.17
1059819 998471 180326 0.16
1059819 998471 180500 0.17
1059819 998471 180587 0.16
1059819 2062697 180600 0.7
1059455 1803502 180637 0.10
1059819 998471 180761 0.17
1061349 1010218 180935 0.17
1059819 998471 181109 0.17
1059819 1813008 181166 0.11
1059819 998471 181283 0.17
1059989 2074109 181383 0.6
1059819 1815096 181420 0.10
1059819 998471 181457 0.17
1059819 998471 181631 0.17
1059819 998471 181805 0.17
1060584 1829056 181855 0.10
1060329 2084986 181905 0.7
1059819 998471 181979 0.17
1059819 998471 182153 0.17
1060103 1824590 182210 0.11
1059819 998471 182327 0.17
1060584 1832340 182377 0.10
1059819 998471 182501 0.17
1059819 998471 182675 0.17
1060329 2093724 182688 0.6
1060329 1830952 182725 0.10
1059819 998471 182849 0.17
1059819 998471 183023 0.17
1060366 2097586 183036 0.7
1060515 1835829 183080 0.11
1059819 998471 183197 0.17
1059819 1827064 183247 0.10
1063645 1027838 183371 0.17
1063645 1027838 183545 0.17
1060202 2100409 183558 0.6
1059819 1829240 183595 0.10
1059819 998471 183719 0.17
1059819 998471 183893 0.17
1060152 2102878 183906 0.7
1059819 1831504 183950 0.11
1059819 998471 184067 0.17
1059819 1832504 184117 0.10
1059819 998471 184241 0.17
1059819 998471 184415 0.17
1060038 2106488 184428 0.6
1059819 1834680 184465 0.10
1059819 998471 184589 0.17
1059819 998471 184763 0.17
1059819 2106217 184776 0.7
1059819 1836944 184820 0.11
1059819 998471 184937 0.17
1059819 1837944 184987 0.10
1059819 998471 185111 0.17
1059819 998471 185285 0.17
1059819 2111657 185298 0.6
1059819 1840120 185335 0.10
1059819 998471 185459 0.17
1059819 998471 185633 0.17
1059819 2114921 185646 0.7
1059819 1842384 185690 0.11
1059819 998471 185807 0.17
1059819 1843384 185857 0.10
1059819 998471 185981 0.17
1059819 998471 186155 0.17
1059819 2120361 186168 0.6
1059819 1845560 186205 0.10
1059819 998471 186329 0.17
1059819 998471 186503 0.17
1059819 2123625 186516 0.7
1059819 1847824 186560 0.11
1059819 998471 186677 0.17
1059819 1848824 186727 0.10
1059819 998471 186851 0.17
1059819 998471 187025 0.17
1059819 2129065 187038 0.6
1059819 1851000 187075 0.10
1059819 998471 187199 0.17
1059819 998471 187373 0.17
1059819 2132329 187386 0.7
1060584 1864165 187430 0.11
1059819 998471 187547 0.17
1060776 1867898 187597 0.10
1059819 998471 187721 0.17
1059819 998471 187895 0.17
1059819 2137769 187908 0.6
1060912 1872040 187945 0.10
1059819 998471 188069 0.17
1059819 998471 188243 0.17
1060584 2153628 188256 0.7
1060584 1869637 188300 0.11
1059819 998471 188417 0.17
1060776 1873378 188467 0.10
1059819 998471 188591 0.17
1059819 998471 188765 0.17
1060329 2154891 188778 0.6
1059819 1861880 188815 0.10
1063645 1027838 188939 0.17
1063645 1027838 189113 0.17
1060584 2162383 189126 0.7
1059819 1864144 189170 0.11
1059819 998471 189287 0.17
1059819 1865144 189337 0.10
1059819 998471 189461 0.17
1059819 998471 189635 0.17
1060329 2163629 189648 0.6
1059819 1867320 189685 0.10
1059819 998471 189809 0.17
1059819 998471 189983 0.17
1059819 2158441 189996 0.7
1059819 1869584 190040 0.11
1059819 998471 190157 0.17
1059819 1870584 190207 0.10
1059819 998471 190331 0.17
1059819 998471 190505 0.17
1060329 2172367 190518 0.6
1059819 1872760 190555 0.10
1059819 998471 190679 0.17
1059819 998471 190853 0.17
1059819 2167145 190866 0.7
1059819 1875024 190910 0.11
1059819 998471 191027 0.17
1059819 1876024 191077 0.10
1059819 998471 191201 0.17
1059819 998471 191375 0.17
1059819 2172585 191388 0.6
1059819 1878200 191425 0.10
1059819 998471 191549 0.17
1059819 998471 191723 0.17
1059819 2175849 191736 0.7
1059819 1880464 191780 0.11
1059819 998471 191897 0.17
1059819 1881464 191947 0.10
1059819 998471 192071 0.17
1059819 998471 192245 0.17
1059819 2181289 192258 0.6
1059819 1883640 192295 0.10
1059819 998471 192419 0.17
1059819 998471 192593 0.17
1059819 2184553 192606 0.7
1059819 1885904 192650 0.11
1059819 998471 192767 0.17
1060776 1900778 192817 0.10
1059819 998471 192941 0.17
1059819 998471 193115 0.17
1059819 2189993 193128 0.6
1060912 1904955 193165 0.10
1059819 998471 193289 0.17
1059819 998471 193463 0.17
1059819 2193257 193476 0.7
1060584 1902469 193520 0.11
1059819 998471 193637 0.17
1060776 1906258 193687 0.10
1059819 998471 193811 0.17
1059819 998471 193985 0.17
1060329 2207320 193998 0.6
1059819 1894520 194035 0.10
1059819 998471 194159 0.17
1059819 998471 194333 0.17
1060584 2214914 194346 0.7
1060584 1907941 194390 0.11
1063645 1027838 194507 0.17
1059819 1897784 194557 0.10
1063645 1027838 194681 0.17
1059819 998471 194855 0.17
1060329 2216058 194868 0.6
1059819 1899960 194905 0.10
1059819 998471 195029 0.17
1059819 998471 195203 0.17
1060584 2223669 195216 0.7
1059819 1902224 195260 0.11
1059819 998471 195377 0.17
1059819 1903224 195427 0.10
1059819 998471 195551 0.17
1059819 998471 195725 0.17
1060329 2224796 195738 0.6
1059819 1905400 195775 0.10
1059819 998471 195899 0.17
1059819 998471 196073 0.17
1059819 2219369 196086 0.7
1059819 1907664 196130 0.11
1059819 998471 196247 0.17
1059819 1908664 196297 0.10
1059819 998471 196421 0.17
1059819 998471 196595 0.17
1059819 2224809 196608 0.6
1059819 1910840 196645 0.10
1059819 998471 196769 0.17
1059819 998471 196943 0.17
1059819 2228073 196956 0.7
1059819 998471 197117 0.17
1059819 1914192 197174 0.11
1059819 998471 197291 0.17
1059819 1915192 197341 0.10
1059819 998471 197465 0.17
1059819 2233513 197478 0.6
1059819 998471 197639 0.17
1059819 998471 197813 0.17
1059819 2236777 197826 0.7
1059819 1918456 197863 0.10
1059819 998471 197987 0.17
1059819 998471 198161 0.17
1059819 1920632 198211 0.12
1059819 998471 198335 0.17
1060408 1930504 198392 0.11
1059819 998471 198509 0.17
1059819 2244393 198522 0.6
1060515 1933091 198559 0.10
1059819 998471 198683 0.17
1059819 998471 198857 0.17
1060912 1941160 198907 0.12
1059819 998471 199031 0.17
1059819 2249833 199044 0.7
1060584 1937402 199081 0.10
1059819 998471 199205 0.17
1059819 998471 199379 0.17
1060912 1944452 199429 0.12
1059819 998471 199553 0.17
1060366 1937531 199610 0.11
1059819 998471 199727 0.17
1060244 2264827 199740 0.6
1060515 1940747 199777 0.10
1059819 998471 199901 0.17
1063645 1027838 200075 0.17
1059819 1932600 200125 0.12
1063645 1027838 200249 0.17
1060366 2272397 200262 0.7
1059819 1933688 200299 0.10
1059819 998471 200423 0.17
1059819 998471 200597 0.17
1059819 1935864 200647 0.12
1059819 1937040 200828 0.11
1060202 2277183 200958 0.6
1059819 1938040 200995 0.10
1059819 1940216 201343 0.12
1060366 2285508 201480 0.7
1059819 1941304 201517 0.10
1060408 1951181 201778 0.12
1059819 1942480 201872 0.11
1060222 1948406 201952 0.10
1060669 1955088 202126 0.12
1060184 2289958 202176 0.6
1059819 1942392 202213 0.10
1058726 1926070 202387 0.12
1060222 1948494 202481 0.11
1059819 1942392 202561 0.10
1059819 2289001 202698 0.7
1058726 1926070 202735 0.12
1059819 1942392 202822 0.10
1060912 1958715 202996 0.12
1059819 2292265 203046 0.6
1059819 1942480 203090 0.11
1060515 1952779 203170 0.10
1060184 2300868 203307 0.7
1060912 1958715 203344 0.12
1059819 1942392 203431 0.10
1058726 1926070 203605 0.12
1060066 2302065 203655 0.6
1059819 1942480 203699 0.11
1059124 1932005 203779 0.10
1059819 2299881 203916 0.7
1060912 1958715 203953 0.12
1059819 1942392 204040 0.10
1060912 1958715 204214 0.12
1059819 2303145 204264 0.6
1060912 1958803 204308 0.11
1060515 1952779 204388 0.10
1059819 2305321 204525 0.7
1058726 1926070 204562 0.12
1061349 1965244 204649 0.10
1060912 1958715 204823 0.12
1060184 2315052 204873 0.6
1059819 1942480 204917 0.11
1060515 1952779 204997 0.10
1060912 2330180 205134 0.7
1060912 1958715 205171 0.12
1059819 1942392 205258 0.10
1058726 1926070 205432 0.12
1060184 2320507 205482 0.6
1059819 1942480 205526 0.11
1059124 1932005 205606 0.10
1059819 2316201 205743 0.7
1058726 1926070 205780 0.12
1060912 1958715 205867 0.10
1060912 1958715 206041 0.12
1060184 2325963 206091 0.6
1059819 1942480 206135 0.11
1060912 1958715 206215 0.10
1059819 2321641 206352 0.7
1060912 1958715 206389 0.12
1058726 1926070 206476 0.10
1060912 1958715 206650 0.12
1060184 2331418 206700 0.6
1059819 1942480 206744 0.11
1060912 1958715 206824 0.10
1059819 2327081 206961 0.7
1060912 1958715 206998 0.12
1059819 1942392 207172 0.12
1060408 1951269 207266 0.11
1059455 2323818 207309 0.6
1058289 1919540 207433 0.12
1059819 2332521 207570 0.7
1058289 1919540 207607 0.12
1060515 1952867 207701 0.11
1061349 1965244 207868 0.12
1060184 2342328 207918 0.6
1061349 1965244 208042 0.12
1060408 2347448 208092 0.7
1059819 1942480 208136 0.11
1058289 1919540 208303 0.12
1060222 2346291 208353 0.6
1058289 1919540 208477 0.12
1060515 2352652 208527 0.7
1059819 1942480 208571 0.11
1061349 1965244 208738 0.12
1060269 2350418 208788 0.6
1061349 1965244 208912 0.12
1059819 2343401 208962 0.7
1059819 1942480 209006 0.11
1058289 1919540 209173 0.12
1060329 2354776 209223 0.6
1058289 1919540 209347 0.12
1059819 2346665 209397 0.7
1059819 1942480 209441 0.11
1061349 1965244 209608 0.12
1059309 2339630 209658 0.6
1061349 1965244 209782 0.12
1059819 2349929 209832 0.7
1061349 1965332 209876 0.11
1061349 1965244 210043 0.12
1060329 2361329 210093 0.6
1061349 1965244 210217 0.12
1059819 2353193 210267 0.7
1059819 1942480 210311 0.11
1058289 1919540 210478 0.12
1060329 2364606 210528 0.6
1058289 1919540 210652 0.12
1061349 2384180 210702 0.7
1059819 1942480 210746 0.11
1061349 1965244 210913 0.12
1060329 2367883 210963 0.6
1061349 1965244 211087 0.12
1059819 2359721 211137 0.7
1059819 1942480 211181 0.11
1058289 1919540 211348 0.12
1060329 2371160 211398 0.6
1058289 1919540 211522 0.12
1059819 2362985 211572 0.7
1059819 1942480 211616 0.11
1061349 1965244 211783 0.12
1059309 2355886 211833 0.6
1061349 1965244 211957 0.12
1059819 2366249 212007 0.7
1059819 1942480 212051 0.11
1061349 1965244 212218 0.12
1060329 2377713 212268 0.6
1061349 1965244 212392 0.12
1059819 2369513 212442 0.7
1059819 1942480 212486 0.11
1060056 51379 212640 0.18
1058289 1919540 212653 0.12
1059309 2362389 212703 0.6
1058289 1919540 212827 0.12
1059819 2372777 212877 0.7
1061349 1965332 212921 0.11
1061349 1965244 213088 0.12
1060329 2384267 213138 0.6
1061349 1965244 213262 0.12
1059819 2376041 213312 0.7
1059819 1942480 213356 0.11
1060047 51375 213510 0.18
1058289 1919540 213523 0.12
1060329 2387544 213573 0.6
1058289 1919540 213697 0.12
1061349 2407297 213747 0.7
1059819 1942480 213791 0.11
1061349 1965244 213958 0.12
1060329 2390821 214008 0.6
1061349 1965244 214132 0.12
1059819 2382569 214182 0.7
1059819 1942480 214226 0.11
1060056 51379 214380 0.18
1058289 1919540 214393 0.12
1060329 2394097 214443 0.6
1058289 1919540 214567 0.12
1059819 2385833 214617 0.7
1059124 1933174 214748 0.11
1059309 2378645 214878 0.6
1059819 1943480 214915 0.12
1059819 2389097 215052 0.7
1062369 1981588 215089 0.12
1060515 1953961 215183 0.11
1060329 2400651 215313 0.6
1061349 1966345 215350 0.12
1059819 2392361 215487 0.7
1059819 1944568 215611 0.12
1060515 1955055 215705 0.11
1059819 2395625 215835 0.6
1059819 1944568 215872 0.12
1060515 2409530 216009 0.7
1058289 1921691 216046 0.12
1060515 1955055 216140 0.11
1060776 2416528 216270 0.6
1061349 1967445 216307 0.12
1060515 2412812 216444 0.7
1059819 1945656 216568 0.12
1060515 1956149 216662 0.11
1060269 2411557 216792 0.6
1059819 1945656 216829 0.12
1060515 2417187 216966 0.7
1061349 1968546 217003 0.12
1059124 1935339 217097 0.11
1059819 2406505 217227 0.6
1058289 1922766 217264 0.12
1058289 1922766 217438 0.12
1059819 2408681 217488 0.7
1059819 1945744 217532 0.11
1061349 1968546 217699 0.12
1059369 2402515 217749 0.6
1061349 1968546 217873 0.12
1059124 2399047 217923 0.7
1061349 1968635 217967 0.11
1061349 1968546 218134 0.12
1059819 2414121 218184 0.6
1061349 1968546 218308 0.12
1059819 2415209 218358 0.7
1059819 1945744 218402 0.11
1058289 1922766 218569 0.12
1059819 2417385 218619 0.6
1058289 1922766 218743 0.12
1061349 2446926 218793 0.7
1059819 1945744 218837 0.11
1062389 1968546 219004 0.12
1060329 2430142 219054 0.6
1062389 1968546 219178 0.12
1059819 2421737 219228 0.7
1060859 1945744 219272 0.11
1059329 1922766 219439 0.12
1060329 2433419 219489 0.6
1059329 1922766 219613 0.12
1059819 2425001 219663 0.7
1060859 1945744 219707 0.11
1063341 51381 219861 0.19
1063509 1968546 219874 0.12
1061369 2436696 219924 0.6
1063509 1968546 220048 0.12
1060859 2428265 220098 0.7
1061979 1945744 220142 0.11
1060449 1922766 220309 0.12
1061369 2439973 220359 0.6
1060449 1922766 220483 0.12
1060859 2431529 220533 0.7
1061979 1945744 220577 0.11
1064629 1968546 220744 0.12
1061469 2424161 220794 0.6
1064629 1968546 220918 0.12
1061979 2434793 220968 0.7
1064629 1968635 221012 0.11
1064629 1968546 221179 0.12
1062489 2446526 221229 0.6
1063349 51384 221340 0.19
1064629 1968546 221353 0.12
1061979 2438057 221403 0.7
1063099 1945744 221447 0.11
1061569 1922766 221614 0.12
1063609 2449803 221664 0.6
1061569 1922766 221788 0.12
1064629 2470043 221838 0.7
1062404 1936421 221969 0.11
1063609 2453080 222099 0.6
1063099 1946744 222136 0.12
1063099 2444585 222273 0.7
1063099 1946744 222310 0.12
1063795 1957243 222404 0.11
1063609 2456357 222534 0.6
1064629 1969647 222571 0.12
1063099 2447849 222708 0.7
1064629 1969647 222745 0.12
1063099 1946832 222839 0.11
1061569 1923841 223006 0.12
1063099 2451113 223056 0.6
1061569 1923841 223180 0.12
1063795 2465315 223230 0.7
1063099 1946832 223274 0.11
1063099 2454377 223491 0.6
1065649 1986025 223528 0.12
1062404 2442335 223665 0.7
1065649 1986025 223702 0.12
1063795 1958336 223796 0.11
1063099 2457641 223926 0.6
1061569 1924916 223963 0.12
1063099 2458729 224100 0.7
1061569 1924916 224137 0.12
1063795 1958336 224231 0.11
1064629 1970748 224398 0.12
1063099 2461993 224448 0.6
1064629 1970748 224572 0.12
1063795 2476253 224622 0.7
1063099 1947920 224666 0.11
1061569 1924916 224833 0.12
1064056 2483384 224883 0.6
1061569 1924916 225007 0.12
1063795 2479534 225057 0.7
1063099 1947920 225101 0.11
1064629 1970748 225268 0.12
1063099 2468521 225318 0.6
1064629 1970748 225442 0.12
1063099 2469609 225492 0.7
1063099 1947920 225536 0.11
1061569 1924916 225703 0.12
1063609 2481479 225753 0.6
1064364 51374 225777 0.19
1061569 1924916 225877 0.12
1063099 2472873 225927 0.7
1063099 1947920 225971 0.11
1065669 1970748 226138 0.12
1062589 2465343 226188 0.6
1065669 1970748 226312 0.12
1063099 2476137 226362 0.7
1065669 1970836 226406 0.11
1065669 1970748 226573 0.12
1063609 2488032 226623 0.6
1065669 1970748 226747 0.12
1063099 2479401 226797 0.7
1064139 1947920 226841 0.11
1062589 2471846 227058 0.6
1064139 1947832 227095 0.12
1065669 2511873 227232 0.7
1064364 51374 227256 0.19
1063046 1931464 227356 0.12
1064139 1947920 227450 0.11
1064649 2494586 227493 0.6
1065232 1964200 227617 0.13
1064139 2485929 227667 0.7
1063046 1931464 227704 0.12
1064649 2497863 227928 0.6
1064139 1948920 227965 0.13
1064139 1948920 228052 0.12
1064649 1956651 228146 0.11
1063444 2476964 228189 0.7
1064139 1948920 228313 0.13
1064139 1948920 228400 0.12
1064589 2502174 228537 0.6
1063046 1932543 228574 0.13
1065232 1965298 228661 0.12
1063629 1941365 228755 0.11
1064139 2496809 228885 0.7
1065232 1965298 228922 0.13
1065232 1965298 229009 0.12
1065232 1965298 229183 0.13
1064139 2500073 229233 0.6
1064139 1950008 229357 0.12
1064649 1957743 229451 0.11
1064649 2512062 229494 0.7
1064139 1950008 229618 0.13
1064139 1950008 229705 0.12
1064139 2505513 229842 0.6
1064139 1950008 229879 0.13
1065232 1966395 229966 0.12
1064649 1957743 230060 0.11
1065232 2528762 230103 0.7
1063046 1933622 230227 0.13
1065232 1966395 230314 0.12
1065232 1966395 230488 0.13
1064472 2518466 230538 0.6
1063046 1933622 230575 0.12
1064139 1950096 230669 0.11
1064649 2524077 230799 0.7
1065232 1966395 230836 0.13
1063046 1933622 230923 0.12
1063046 1933622 231097 0.13
1064835 2530944 231147 0.6
1065232 1966395 231184 0.12
1064139 1950096 231278 0.11
1063629 2509776 231408 0.7
1063046 1933622 231445 0.13
1065232 1966395 231532 0.12
1065232 1966395 231706 0.13
1064139 2522921 231756 0.6
1065232 1966395 231793 0.12
1064139 1950096 231887 0.11
1065232 1966395 232054 0.13
1065232 1966395 232141 0.12
1065232 1966395 232315 0.13
1064139 2528361 232365 0.7
1063046 1933622 232402 0.12
1065232 1966483 232496 0.11
1064139 2530537 232626 0.6
1065232 1966395 232663 0.13
1063046 1933622 232750 0.12
1060886 1933622 232924 0.13
1061952 1966395 233011 0.12
1059819 1950096 233105 0.11
1064504 2543081 233235 0.7
1056486 1933622 233272 0.13
1057632 1966395 233359 0.12
1056512 1966395 233533 0.13
1064139 2539241 233583 0.6
1053286 1933622 233620 0.12
1053259 1950096 233714 0.11
1063464 2548536 233844 0.8
1052192 1966395 233881 0.13
1048886 1933622 233968 0.12
1046726 1933622 234142 0.13
1059064 2551809 234192 0.7
1047792 1966395 234229 0.12
1045659 1950096 234323 0.11
1055666 2551690 234453 0.6
1044512 1966395 234490 0.13
1043472 1966395 234577 0.12
1041232 1966395 234751 0.13
1051775 2542978 234801 0.8
1040192 1966395 234838 0.12
1037979 1950096 234932 0.11
1049224 2559447 235062 0.7
1034726 1933622 235099 0.13
1035792 1966395 235186 0.12
1033632 1966395 235360 0.13
1045017 2564957 235410 0.6
1030326 1933622 235447 0.12
1031472 1966483 235541 0.11
1041624 2564902 235671 0.8
1029312 1966395 235708 0.13
1026006 1933622 235795 0.12
1023846 1933622 235969 0.13
1037304 2568175 236019 0.7
1024912 1966395 236056 0.12
1022699 1950096 236150 0.11
1033906 2568041 236280 0.6
1019446 1933622 236317 0.13
1020592 1966395 236404 0.12
1018352 1966395 236578 0.13
1029624 2573630 236628 0.8
1015126 1933622 236665 0.12
1015099 1950096 236759 0.11
1026344 2575812 236889 0.7
1014032 1966395 236926 0.13
1010726 1933622 237013 0.12
1008566 1933622 237187 0.13
1022137 2581337 237237 0.6
1009632 1966395 237274 0.12
1008592 1966483 237368 0.11
1018015 2566847 237498 0.8
1006352 1966395 237535 0.13
1005312 1966395 237622 0.12
1003152 1966395 237796 0.13
1013615 2570102 237846 0.7
1002032 1966395 237883 0.12
999819 1950096 237977 0.11
1011026 2584392 238107 0.6
996566 1933622 238144 0.13
997632 1966395 238231 0.12
995472 1966395 238405 0.13
1006744 2589996 238455 0.8
992246 1933622 238492 0.12
992219 1950096 238586 0.11
1003464 2592178 238716 0.7
991152 1966395 238753 0.13
987846 1933622 238840 0.12
985686 1933622 239014 0.13
999257 2597717 239064 0.6
986752 1966395 239101 0.12
984619 1950096 239195 0.11
995864 2597633 239325 0.8
981286 1933622 239362 0.13
982432 1966395 239449 0.12
980192 1966395 239623 0.13
991464 2600907 239673 0.7
976966 1933622 239710 0.12
976939 1950096 239804 0.11
988066 2600743 239934 0.6
975872 1966395 239971 0.13
974752 1966395 240058 0.12
972592 1966395 240232 0.13
983864 2606362 240282 0.8
971472 1966395 240319 0.12
970432 1966483 240413 0.11
979855 2593971 240543 0.7
968272 1966395 240580 0.13
964966 1933622 240667 0.12
962806 1933622 240841 0.13
975899 2604521 240891 0.6
963872 1966395 240928 0.12
961659 1950096 241022 0.11
972984 2613999 241152 0.8
958406 1933622 241189 0.13
959552 1966395 241276 0.12
957312 1966395 241450 0.13
968584 2617272 241500 0.7
954086 1933622 241537 0.12
954059 1950096 241631 0.11
965186 2617094 241761 0.6
952992 1966395 241798 0.13
949686 1933622 241885 0.12
947526 1933622 242059 0.13
960984 2622727 242109 0.8
948592 1966395 242146 0.12
946459 1950096 242240 0.11
957704 2624910 242370 0.7
943126 1933622 242407 0.13
944272 1966395 242494 0.12
942112 1966395 242668 0.13
952939 2620841 242718 0.6
938806 1933622 242755 0.12
938779 1950096 242849 0.11
950104 2630365 242979 0.8
937712 1966395 243016 0.13
936592 1966395 243103 0.12
934432 1966395 243277 0.13
945704 2633638 243327 0.7
933392 1966395 243364 0.12
932272 1966483 243458 0.11
942306 2633445 243588 0.6
930112 1966395 243625 0.13
926806 1933622 243712 0.12
924646 1933622 243886 0.13
938104 2639093 243936 0.8
925712 1966395 243973 0.12
923579 1950096 244067 0.11
934824 2641275 244197 0.7
920246 1933622 244234 0.13
921392 1966395 244321 0.12
919152 1966395 244495 0.13
930059 2637161 244545 0.6
915926 1933622 244582 0.12
915899 1950096 244676 0.11
927144 2646731 244806 0.8
914832 1966395 244843 0.13
911526 1933622 244930 0.12
909366 1933622 245104 0.13
922824 2650004 245154 0.7
910432 1966395 245191 0.12
908299 1950096 245285 0.11
919426 2649796 245415 0.6
905046 1933622 245452 0.13
906112 1966395 245539 0.12
903952 1966395 245713 0.13
914495 2640624 245763 0.8
902832 1966395 245800 0.12
900619 1950096 245894 0.11
911944 2657641 246024 0.7
899552 1966395 246061 0.13
898512 1966395 246148 0.12
896272 1966395 246322 0.13
907657 2663237 246372 0.6
893046 1933622 246409 0.12
894112 1966483 246503 0.11
904264 2663096 246633 0.8
891952 1966395 246670 0.13
888646 1933622 246757 0.12
886486 1933622 246931 0.13
899944 2666369 246981 0.7
887552 1966395 247018 0.12
885419 1950096 247112 0.11
896546 2666147 247242 0.6
882086 1933622 247279 0.13
883232 1966395 247366 0.12
881072 1966395 247540 0.13
892264 2671825 247590 0.8
877766 1933622 247627 0.12
877739 1950096 247721 0.11
889064 2674007 247851 0.7
876672 1966395 247888 0.13
873366 1933622 247975 0.12
871206 1933622 248149 0.13
884777 2679617 248199 0.6
872352 1966395 248236 0.12
870139 1950096 248330 0.11
880655 2664493 248460 0.8
869072 1966395 248497 0.13
867952 1966395 248584 0.12
865792 1966395 248758 0.13
876335 2667748 248808 0.7
864672 1966395 248845 0.12
862539 1950096 248939 0.11
873666 2682498 249069 0.6
859206 1933622 249106 0.13
860352 1966395 249193 0.12
858112 1966395 249367 0.13
869384 2688190 249417 0.8
854886 1933622 249454 0.12
855952 1966483 249548 0.11
866104 2690372 249678 0.7
853792 1966395 249715 0.13
850486 1933622 249802 0.12
848326 1933622 249976 0.13
861897 2695997 250026 0.6
849392 1966395 250063 0.12
847259 1950096 250157 0.11
858504 2695828 250287 0.8
844006 1933622 250324 0.13
845072 1966395 250411 0.12
842912 1966395 250585 0.13
854184 2699101 250635 0.7
839606 1933622 250672 0.12
839579 1950096 250766 0.11
850786 2698849 250896 0.6
838512 1966395 250933 0.13
835286 1933622 251020 0.12
835232 1966395 251194 0.13
846504 2704556 251244 0.8
834192 1966395 251281 0.12
833072 1966483 251375 0.11
842495 2691617 251505 0.7
830912 1966395 251542 0.13
829792 1966395 251629 0.12
825446 1933622 251803 0.13
838539 2702441 251853 0.6
826512 1966395 251890 0.12
824379 1950096 251984 0.11
835624 2712193 252114 0.8
821046 1933622 252151 0.13
822192 1966395 252238 0.12
820032 1966395 252412 0.13
831224 2715467 252462 0.7
816726 1933622 252499 0.12
816699 1950096 252593 0.11
827906 2715200 252723 0.6
815632 1966395 252760 0.13
812326 1933622 252847 0.12
810166 1933622 253021 0.13
823624 2720922 253071 0.8
810808 1958920 253115 0.11
807979 1950008 253282 0.13
820344 2723104 253332 0.7
807349 1972949 253456 0.13
804004 1939667 253550 0.11
815659 2718761 253680 0.6
801009 1927067 253717 0.13
798849 1927067 253891 0.13
812744 2728559 253941 0.8
799259 1950096 253985 0.11
798629 1972949 254152 0.13
809099 2723113 254202 0.7
796469 1972949 254326 0.13
807203 2729727 254376 0.6
795349 1973038 254420 0.11
793189 1972949 254587 0.13
803659 2726377 254637 0.8
791029 1972949 254761 0.13
801949 2736903 254811 0.7
788379 1950096 254855 0.11
784689 1927067 255022 0.13
798503 2735588 255072 0.6
782529 1927067 255196 0.13
796489 2741438 255246 0.8
782939 1950096 255290 0.11
782309 1972949 255457 0.13
793289 2743623 255507 0.7
780069 1972949 255631 0.13
791049 2744715 255681 0.6
777499 1950096 255725 0.11
773809 1927067 255892 0.13
787769 2746900 255942 0.8
771569 1927067 256066 0.13
785609 2747992 256116 0.7
772059 1950096 256160 0.11
771349 1972949 256327 0.13
781309 2728691 256377 0.6
769189 1972949 256501 0.13
779149 2729774 256551 0.8
766619 1950096 256595 0.11
765909 1972949 256762 0.13
776889 2753453 256812 0.7
763749 1972949 256936 0.13
774729 2754545 256986 0.6
761099 1950096 257030 0.11
757409 1927067 257197 0.13
770429 2735193 257247 0.8
755249 1927067 257371 0.13
768269 2736277 257421 0.7
757189 1973038 257465 0.11
755029 1972949 257632 0.13
766009 2760007 257682 0.6
753909 1972949 257806 0.13
763849 2761099 257856 0.8
751339 1950096 257900 0.11
747649 1927067 258067 0.13
760569 2763284 258117 0.7
745409 1927067 258241 0.13
758409 2764376 258291 0.6
745899 1950096 258335 0.11
745189 1972949 258502 0.13
755129 2766560 258552 0.8
743029 1972949 258676 0.13
754009 2767653 258726 0.7
740459 1950096 258770 0.11
736689 1927067 258937 0.13
750808 2771502 258987 0.8
734529 1927067 259111 0.13
748059 2760105 259161 0.7
734939 1950096 259205 0.11
734309 1972949 259372 0.13
744779 2762281 259422 0.8
732149 1972949 259546 0.13
742619 2763369 259596 0.7
731029 1973038 259640 0.11
728869 1972949 259807 0.13
739339 2765545 259857 0.8
726709 1972949 259981 0.13
737179 2766633 260031 0.7
724059 1950096 260075 0.11
720369 1927067 260242 0.13
733899 2768809 260292 0.8
718209 1927067 260416 0.13
731739 2769897 260466 0.7
718619 1950096 260510 0.11
717989 1972949 260677 0.13
728459 2772073 260727 0.8
715829 1972949 260851 0.13
726219 2773161 260901 0.7
713179 1950096 260945 0.11
709489 1927067 261112 0.13
724549 2807988 261162 0.8
707249 1927067 261286 0.13
722309 2809089 261336 0.7
707739 1950096 261380 0.11
707109 1972949 261547 0.13
717499 2778601 261597 0.8
704869 1972949 261721 0.13
715339 2779689 261771 0.7
702299 1950096 261815 0.11
698529 1927067 261982 0.13
712059 2781865 262032 0.8
696369 1927067 262156 0.13
709899 2782953 262206 0.7
696859 1950096 262250 0.11
696149 1972949 262417 0.13
706619 2785129 262467 0.8
693989 1972949 262591 0.13
704459 2786217 262641 0.7
692869 1973038 262685 0.11
690709 1972949 262852 0.13
701179 2788393 262902 0.8
688549 1972949 263026 0.13
699019 2789481 263076 0.7
685899 1950096 263120 0.11
683329 1927067 263287 0.13
697269 2824500 263337 0.8
681089 1927067 263461 0.13
695109 2825601 263511 0.7
681579 1950096 263555 0.11
680949 1972949 263722 0.13
690299 2794921 263772 0.8
678709 1972949 263896 0.13
688139 2796009 263946 0.7
676139 1950096 263990 0.11
672369 1927067 264157 0.13
685899 2798185 264207 0.8
670209 1927067 264331 0.13
683739 2799273 264381 0.7
670699 1950096 264425 0.11
671109 1972949 264592 0.13
680459 2801449 264642 0.8
668949 1972949 264766 0.13
678299 2802537 264816 0.7
666299 1950096 264860 0.11
662609 1927067 265027 0.13
675019 2804713 265077 0.8
664549 1972949 265201 0.13
672859 2805801 265251 0.7
661979 1950096 265295 0.11
661269 1972949 265462 0.13
669579 2807977 265512 0.8
656049 1927067 265636 0.13
668459 2809065 265686 0.7
657989 1973038 265730 0.11
655829 1972949 265897 0.13
665179 2811241 265947 0.8
653669 1972949 266071 0.13
663019 2812329 266121 0.7
651019 1950096 266165 0.11
647329 1927067 266332 0.13
662389 2847617 266382 0.8
645169 1927067 266506 0.13
660229 2848718 266556 0.7
645579 1950096 266600 0.11
644949 1972949 266767 0.13
655419 2817769 266817 0.8
642789 1972949 266941 0.13
653259 2818857 266991 0.7
640139 1950096 267035 0.11
636449 1927067 267202 0.13
649979 2821033 267252 0.8
634289 1927067 267376 0.13
647739 2822121 267426 0.7
634699 1950096 267470 0.11
634069 1972949 267637 0.13
644539 2824297 267687 0.8
631829 1972949 267811 0.13
642299 2825385 267861 0.7
630789 1973038 267905 0.11
628629 1972949 268072 0.13
639019 2827561 268122 0.8
626389 1972949 268246 0.13
636859 2828649 268296 0.7
623819 1950096 268340 0.11
621169 1927067 268507 0.13
633579 2830825 268557 0.8
619009 1927067 268681 0.13
631419 2831913 268731 0.7
619419 1950096 268775 0.11
618789 1972949 268942 0.13
628139 2834089 268992 0.8
616629 1972949 269116 0.13
625979 2835177 269166 0.7
613979 1950096 269210 0.11
610289 1927067 269377 0.13
625349 2870734 269427 0.8
608129 1927067 269551 0.13
623109 2871835 269601 0.7
609659 1950096 269645 0.11
608949 1972949 269812 0.13
618379 2840617 269862 0.8
606789 1972949 269986 0.13
616139 2841705 270036 0.7
604139 1950096 270080 0.11
601569 1927067 270247 0.13
612859 2843881 270297 0.8
599409 1927067 270421 0.13
610699 2844969 270471 0.7
599819 1950096 270515 0.11
599189 1972949 270682 0.13
608539 2847145 270732 0.8
596949 1972949 270856 0.13
606379 2848233 270906 0.7
595909 1973038 270950 0.11
593749 1972949 271117 0.13
604139 2850409 271167 0.8
591509 1972949 271291 0.13
601979 2851497 271341 0.7
588939 1950096 271385 0.11
585169 1927067 271552 0.13
598699 2853673 271602 0.8
583009 1927067 271726 0.13
598069 2888347 271776 0.7
582379 1950008 271900 0.13
593259 2856937 272037 0.8
580219 1950008 272074 0.13
591099 2858025 272211 0.7
577979 1950008 272248 0.13
575819 1950008 272422 0.13
589349 2893851 272472 0.8
573659 1950008 272596 0.13
585659 2861289 272646 0.7
571499 1950008 272770 0.13
584349 2881086 272820 0.8
569259 1950008 272944 0.13
582109 2882181 272994 0.7
567099 1950008 273118 0.13
579099 2864553 273168 0.8
564939 1950008 273292 0.13
576939 2865641 273342 0.7
566605 2007361 273466 0.13
574779 2866729 273516 0.8
564365 2007361 273640 0.13
572539 2867817 273690 0.7
558379 1950008 273814 0.13
570379 2868905 273864 0.8
556219 1950008 273988 0.13
568219 2869993 274038 0.7
554059 1950008 274162 0.13
566059 2871081 274212 0.8
551819 1950008 274336 0.13
563819 2872169 274386 0.7
549659 1950008 274510 0.13
561659 2873257 274560 0.8
547499 1950008 274684 0.13
559499 2874345 274734 0.7
545339 1950008 274858 0.13
557339 2875433 274908 0.8
543099 1950008 275032 0.13
555099 2876521 275082 0.7
540939 1950008 275206 0.13
552939 2877609 275256 0.8
538779 1950008 275380 0.13
550779 2878697 275430 0.7
536619 1950008 275554 0.13
548619 2879785 275604 0.8
534379 1950008 275728 0.13
546379 2880873 275778 0.7
532219 1950008 275902 0.13
544219 2881961 275952 0.8
530059 1950008 276076 0.13
542059 2883049 276126 0.7
527899 1950008 276250 0.13
539899 2884137 276300 0.8
525659 1950008 276424 0.13
537659 2885225 276474 0.7
523499 1950008 276598 0.13
535499 2886313 276648 0.8
533339 2887401 276822 0.7
531179 2888489 276996 0.8
528939 2889577 277170 0.7
528692 2933175 277344 0.8
526532 2934279 277518 0.7
524372 2935383 277692 0.8
522432 2917151 277779 0.7
520219 2892841 277866 0.8
517649 2858808 277953 0.7
518059 2892841 278040 0.8
516939 2892841 278127 0.7
515899 2892841 278214 0.8
514779 2892841 278301 0.7
513739 2892841 278388 0.8
512619 2892841 278475 0.7
511499 2892841 278562 0.8
510459 2892841 278649 0.7
509339 2892841 278736 0.8
508219 2892841 278823 0.7
507179 2892841 278910 0.8
503509 2836119 278997 0.8
505019 2892841 279084 0.8
503899 2892841 279171 0.8
502779 2892841 279258 0.8
501739 2892841 279345 0.8
500619 2892841 279432 0.8
499499 2892841 279519 0.8
498459 2892841 279606 0.8
497339 2892841 279693 0.8
496299 2892841 279780 0.8
495179 2892841 279867 0.8
494059 2892841 279954 0.8
500670 3063009 280041 0.8
491899 2892841 280128 0.8
490779 2892841 280215 0.8
489739 2892841 280302 0.8
488619 2892841 280389 0.8
487579 2892841 280476 0.8
486459 2892841 280563 0.8
485339 2892841 280650 0.8
484299 2892841 280737 0.8
483179 2892841 280824 0.8
482059 2892841 280911 0.8
481019 2892841 280998 0.8
479899 2892841 281085 0.8
478859 2892841 281172 0.8
477739 2892841 281259 0.8
476619 2892841 281346 0.8
475579 2892841 281433 0.8
475889 2949564 281607 0.8
471179 2892841 281781 0.8
470139 2892841 281868 0.9
469019 2892841 281955 0.8
467899 2892841 282042 0.9
466859 2892841 282129 0.8
465739 2892841 282216 0.9
464619 2892841 282303 0.8
463579 2892841 282390 0.9
462459 2892841 282477 0.8
461419 2892841 282564 0.9
460299 2892841 282651 0.8
459179 2892841 282738 0.9
458139 2892841 282825 0.8
460845 2977925 282912 0.9
455899 2892841 282999 0.8
458685 2977925 283086 0.9
453739 2892841 283173 0.8
452699 2892841 283260 0.9
451579 2892841 283347 0.8
450459 2892841 283434 0.9
449419 2892841 283521 0.8
448299 2892841 283608 0.9
447179 2892841 283695 0.8
446139 2892841 283782 0.9
445019 2892841 283869 0.8
443979 2892841 283956 0.9
442859 2892841 284043 0.8
441739 2892841 284130 0.9
440699 2892841 284217 0.8
439579 2892841 284304 0.9
438459 2892841 284391 0.8
437419 2892841 284478 0.9
436299 2892841 284565 0.8
435259 2892841 284652 0.9
434139 2892841 284739 0.8
433019 2892841 284826 0.9
431979 2892841 284913 0.8
430859 2892841 285000 0.9
429739 2892841 285087 0.8
428699 2892841 285174 0.9
427579 2892841 285261 0.8
426539 2892841 285348 0.9
425419 2892841 285435 0.8
424299 2892841 285522 0.9
398378 1007930 285596 0.14
427085 2977925 285609 0.8
422139 2892841 285696 0.9
424845 2977925 285783 0.8
419979 2892841 285870 0.9
418859 2892841 285957 0.8
417819 2892841 286044 0.9
416699 2892841 286131 0.8
415579 2892841 286218 0.9
414539 2892841 286305 0.8
388622 1007963 286379 0.14
413419 2892841 286392 0.9
412299 2892841 286479 0.8
411259 2892841 286566 0.9
410139 2892841 286653 0.8
409099 2892841 286740 0.9
407979 2892841 286827 0.8
406859 2892841 286914 0.9
405819 2892841 287001 0.8
404699 2892841 287088 0.9
378781 1007959 287162 0.14
403579 2892841 287175 0.8
402539 2892841 287262 0.9
401419 2892841 287349 0.8
400379 2892841 287436 0.9
399259 2892841 287523 0.8
398629 2927976 287697 0.9
394449 2859883 287784 0.8
396389 2927976 287871 0.9
392289 2859883 287958 0.8
392699 2893929 288045 0.9
391659 2893929 288132 0.8
390539 2893929 288219 0.9
389419 2893929 288306 0.8
388789 2929076 288480 0.9
387669 2929076 288567 0.8
360198 1007778 288641 0.14
386629 2929076 288654 0.9
385509 2929076 288741 0.8
382939 2895017 288828 0.9
381819 2895017 288915 0.8
380699 2895017 289002 0.9
379659 2895017 289089 0.8
375889 2862034 289263 0.9
377909 2930177 289350 0.8
373729 2862034 289437 0.9
375749 2930177 289524 0.8
348266 1007686 289598 0.14
373099 2896105 289611 0.9
371979 2896105 289698 0.8
370939 2896105 289785 0.9
369819 2896105 289872 0.8
368699 2896105 289959 0.9
367659 2896105 290046 0.8
366539 2896105 290133 0.9
365499 2896105 290220 0.8
339339 1006087 290294 0.14
364379 2896105 290307 0.9
363259 2896105 290394 0.8
362219 2896105 290481 0.9
361099 2896105 290568 0.8
360469 2931278 290742 0.9
356289 2863109 290829 0.8
358309 2931278 290916 0.9
354129 2863109 291003 0.8
354539 2897193 291090 0.9
317737 51379 291114 0.18
357325 2982405 291177 0.8
352379 2897193 291264 0.9
355085 2982405 291351 0.8
350219 2897193 291438 0.9
349099 2897193 291525 0.8
348469 2932379 291699 0.9
321204 1009375 291773 0.14
344289 2864184 291786 0.8
346309 2932379 291873 0.9
342129 2864184 291960 0.8
342539 2898281 292047 0.9
306865 51382 292071 0.18
341499 2898281 292134 0.8
340379 2898281 292221 0.9
339749 2933480 292395 0.8
335569 2865259 292482 0.9
337589 2933480 292569 0.8
333409 2865259 292656 0.9
333819 2899369 292743 0.8
332779 2899369 292830 0.9
309182 1010293 292904 0.14
331659 2899369 292917 0.8
330619 2899369 293004 0.9
298136 51379 293028 0.18
329499 2899369 293091 0.8
328379 2899369 293178 0.9
327339 2899369 293265 0.8
326219 2899369 293352 0.9
325099 2899369 293439 0.8
324059 2899369 293526 0.9
322939 2899369 293613 0.8
301375 1009784 293687 0.14
321899 2899369 293700 0.9
318129 2866334 293874 0.8
321189 2934580 293961 0.9
320149 2934580 294048 0.8
318929 2958438 294222 0.9
316869 2935681 294309 0.8
315749 2935681 294396 0.9
311649 2867410 294483 0.8
312059 2901545 294570 0.9
310939 2901545 294657 0.8
310939 2901545 294744 0.9
309899 2901545 294831 0.8
306129 2868485 295005 0.9
287215 1010873 295166 0.14
305499 2903721 295179 0.8
304459 2903721 295266 0.9
303339 2903721 295353 0.8
303749 2937883 295440 0.9
302219 2903721 295527 0.8
302219 2903721 295614 0.9
302709 2938984 295788 0.8
298529 2870635 295875 0.9
300469 2938984 295962 0.8
296779 2905897 296136 0.9
294209 2871710 296223 0.8
274095 1010873 296297 0.14
296149 2940084 296310 0.9
291969 2871710 296397 0.8
292459 2905897 296484 0.9
292459 2905897 296571 0.8
292459 2905897 296658 0.9
295165 2991365 296745 0.8
290219 2905897 296832 0.9
267546 1010956 296906 0.14
294045 2991365 296919 0.8
289179 2905897 297006 0.9
288059 2905897 297093 0.8
287429 2941185 297267 0.9
283249 2872786 297354 0.8
285269 2941185 297441 0.9
280069 2849986 297528 0.9
281499 2906985 297615 0.9
281499 2906985 297702 0.9
280459 2906985 297789 0.9
279339 2906985 297876 0.9
278299 2906985 297963 0.9
277179 2906985 298050 0.9
276059 2906985 298137 0.9
275019 2906985 298224 0.9
271349 2851052 298398 0.9
275329 2965094 298485 0.9
271739 2908073 298572 0.9
235968 51376 298596 0.19
270619 2908073 298659 0.9
269579 2908073 298746 0.9
268459 2908073 298833 0.9
268849 2966204 299007 0.9
262629 2852119 299094 0.9
264059 2909161 299181 0.9
263019 2909161 299268 0.9
263019 2909161 299355 0.9
261899 2909161 299442 0.9
260859 2909161 299529 0.9
267390 3080289 299616 0.9
258619 2909161 299703 0.9
257579 2909161 299790 0.9
256459 2909161 299877 0.9
255339 2909161 299964 0.9
254299 2909161 300051 0.9
253179 2909161 300138 0.9
252139 2909161 300225 0.9
252139 2909161 300312 0.9
251019 2909161 300399 0.9
249899 2909161 300486 0.9
248859 2909161 300573 0.9
247739 2909161 300660 0.9
246619 2909161 300747 0.9
245579 2909161 300834 0.9
244459 2909161 300921 0.9
243419 2909161 301008 0.9
242299 2909161 301095 0.9
241179 2909161 301182 0.9
240139 2909161 301269 0.9
239019 2909161 301356 0.9
237899 2909161 301443 0.9
236859 2909161 301530 0.9
237249 2967313 301704 0.9
231029 2853186 301791 0.9
232459 2910249 301878 0.9
231419 2910249 301965 0.9
230299 2910249 302052 0.9
229179 2910249 302139 0.9
228139 2910249 302226 0.9
234670 3081441 302313 0.9
225979 2910249 302400 0.9
224859 2910249 302487 0.9
223739 2910249 302574 0.9
222699 2910249 302661 0.9
221579 2910249 302748 0.9
220459 2910249 302835 0.9
219419 2910249 302922 0.9
218299 2910249 303009 0.9
217259 2910249 303096 0.9
216139 2910249 303183 0.9
215019 2910249 303270 0.9
213979 2910249 303357 0.9
212859 2910249 303444 0.9
212859 2910249 303531 0.9
211739 2910249 303618 0.9
210699 2910249 303705 0.9
209579 2910249 303792 0.9
208539 2910249 303879 0.9
207419 2910249 303966 0.9
206299 2910249 304053 0.9
205259 2910249 304140 0.9
204139 2910249 304227 0.9
203019 2910249 304314 0.9
201979 2910249 304401 0.9
200859 2910249 304488 0.9
199819 2910249 304575 0.9
199819 2910249 304662 0.9
198699 2910249 304749 0.9
197579 2910249 304836 0.9
196539 2910249 304923 0.9
195419 2910249 305010 0.9
194299 2910249 305097 0.9
200910 3081441 305184 0.9
193259 2910249 305271 0.9
192139 2910249 305358 0.9
155338 51380 305382 0.19
191099 2910249 305445 0.9
189979 2910249 305532 0.9
188859 2910249 305619 0.9
187819 2910249 305706 0.9
186699 2910249 305793 0.9
186699 2910249 305880 0.9
185579 2910249 305967 0.9
184539 2910249 306054 0.9
183419 2910249 306141 0.9
182379 2910249 306228 0.9
181259 2910249 306315 0.9
180139 2910249 306402 0.9
179099 2910249 306489 0.9
177979 2910249 306576 0.9
176859 2910249 306663 0.9
175819 2910249 306750 0.9
174699 2910249 306837 0.9
136751 51369 306861 0.18
161901 1287316 306874 0.10
173659 2910249 306924 0.9
135723 51374 306948 0.18
160784 1265548 306961 0.10
172539 2910249 307011 0.9
134617 51379 307035 0.18
159658 1262219 307048 0.10
146658 268222 307085 0.14
171419 2910249 307098 0.9
155829 1187813 307135 0.10
145443 259309 307172 0.14
170379 2910249 307185 0.9
159809 1213138 307222 0.10
144219 250239 307259 0.14
169259 2910249 307272 0.9
153669 1163279 307309 0.10
143354 250730 307346 0.14
168139 2910249 307359 0.9
130287 51375 307383 0.19
144529 253234 307433 0.14
167099 2910249 307446 0.9
138389 235206 307520 0.14
165979 2910249 307533 0.9
142369 244614 307607 0.14
164939 2910249 307620 0.9
136229 233121 307694 0.14
137659 228867 307781 0.14
134352 162377 308129 0.14
132219 147968 308216 0.14
131099 141440 308303 0.14
154222 754301 308490 0.6
160590 725759 308577 0.6
152054 670329 308664 0.6
150937 663801 308751 0.6
147109 610562 308838 0.6
151089 621328 308925 0.6
144949 591448 309012 0.6
64843 25569 309570 0.19
10673 6358 313367 0.14
8786 5234 313454 0.14
12999 7743 313541 0.14
18364 7241 314197 0.19
41004 24424 314850 0.14
50873 30304 314937 0.14
45200 26924 315043 0.14
43307 34516 315250 0.10
43307 34516 315337 0.10
43307 34516 315424 0.10
56261 33513 316246 0.14
53283 31739 316436 0.14
63693 50765 316504 0.10
52290 31148 316545 0.14
62632 49919 316591 0.10
63693 50765 316678 0.10
73425 43737 317642 0.14
54139 43150 317758 0.10
54139 43150 317845 0.10
54139 43150 317932 0.10
67492 40203 317935 0.14
72347 43095 318109 0.14
42567 42768 319026 0.6
71220 56880 319029 0.10
72472 43169 319038 0.14
44178 44387 319113 0.6
43380 43584 319200 0.6
78305 63194 319290 0.10
78305 63194 319377 0.10
91165 54305 319439 0.14
92874 55322 319700 0.14
79387 30894 319838 0.19
122610 73035 319874 0.14
67459 68218 320210 0.6
85183 50741 320236 0.14
82463 65725 320272 0.10
80621 48024 320410 0.14
74500 76362 320471 0.6
82463 66415 320533 0.10
75480 77367 320558 0.6
88308 71860 320794 0.10
126148 75143 321038 0.14
120856 71991 321159 0.14
69135 69022 321192 0.6
63957 64006 321366 0.6
102943 82275 321591 0.10
74716 76024 321627 0.6
101568 81176 321765 0.10
98822 79808 321939 0.10
98822 98936 322337 0.6
98822 98879 322511 0.6
95624 96480 322685 0.6
93436 74470 322802 0.10
90009 71739 322889 0.10
87291 69573 322976 0.10
104095 103925 323424 0.6
54928 43778 323626 0.10
91194 91045 323635 0.6
54928 43778 323713 0.10
87291 87149 323722 0.6
61372 48915 323887 0.10
92179 36348 324026 0.19
103729 82674 324165 0.10
106199 84643 324252 0.10
103079 82156 324339 0.10
60834 60734 324540 0.6
81597 65034 324736 0.10
77236 77296 324807 0.6
79265 63176 324823 0.10
79265 63176 324910 0.10
81415 82159 324981 0.6
130059 103660 325084 0.10
131589 104879 325258 0.10
128529 102440 325345 0.10
130059 103660 325432 0.10
127509 101627 325519 0.10
132609 105692 325606 0.10
91848 91697 325656 0.6
127509 101627 325693 0.10
109325 87134 325900 0.10
94529 95056 326004 0.6
94529 95847 326178 0.6
112869 90588 326301 0.10
130648 130623 326787 0.6
120161 120635 327134 0.6
119973 120446 327221 0.6
61663 61562 327888 0.6
41561 41493 328223 0.6
41561 41493 328310 0.6
29820 29772 329004 0.6
30175 30126 329370 0.6
29014 28967 329457 0.6
66559 66451 329710 0.6
31322 31271 330050 0.6
44136 17404 333071 0.18
43165 17021 333557 0.18
43424 17123 333833 0.18
36971 14578 339635 0.19
2923 1152 345396 0.18
4569 1801 345599 0.18
3685 1453 346114 0.18
5288 2085 348193 0.19
10807 4261 349584 0.18
10807 4261 349787 0.18
78035 30771 349874 0.18
42941 16933 350153 0.18
72034 28405 350249 0.18
18918 7459 350336 0.18
119283 47036 350432 0.18
62001 24448 350701 0.18
83971 33112 350788 0.18
62001 24448 351066 0.18
48983 19315 351250 0.18
62001 24448 351431 0.18
29176 11505 351796 0.18
