86884 87665 7891 0.18
89112 89935 8079 0.18
91394 92300 8243 0.18
92661 92865 8431 0.18
95822 96599 8602 0.18
96403 96609 8773 0.18
99808 100925 8951 0.18
102128 103301 9122 0.18
103420 103949 9300 0.18
105744 105974 9471 0.18
108140 108718 9649 0.18
111088 112476 9820 0.18
113328 114769 9991 0.18
114464 114732 10169 0.18
115824 116097 10340 0.18
118220 118903 10518 0.18
121248 122880 10689 0.18
123631 125721 10867 0.18
125808 127549 11038 0.18
127024 127346 11209 0.18
129104 129435 11387 0.18
131344 131684 11558 0.18
134831 137255 11736 0.18
137008 139018 11907 0.18
139741 141970 12127 0.18
140304 140683 12256 0.18
142536 143877 12472 0.18
144114 143464 12622 0.18
146981 147459 12796 0.18
148720 148720 12984 0.18
151833 153647 13165 0.18
153920 155168 13322 0.18
155680 155680 13496 0.18
158981 159519 13705 0.18
173837 209877 13716 0.14
161672 163333 13907 0.18
163903 165747 14050 0.18
178131 216352 14078 0.14
167046 168293 14252 0.18
171815 172676 14395 0.18
182783 223381 14416 0.14
176222 175989 14604 0.18
179874 178972 14747 0.18
184975 225707 14799 0.14
185102 184852 14949 0.18
189575 190564 15092 0.18
189793 233760 15144 0.14
195351 197304 15343 0.18
198948 200718 15465 0.18
198719 243858 15489 0.14
204311 206387 15688 0.18
207089 208427 15810 0.18
208472 257181 15841 0.14
212818 214353 16033 0.18
216158 218667 16162 0.18
218495 269376 16207 0.14
221984 224539 16385 0.18
223998 226628 16507 0.18
227605 281281 16559 0.14
230498 232202 16730 0.18
233175 234479 16873 0.18
235775 291224 16904 0.14
239123 241432 17124 0.18
241350 243926 17225 0.18
244025 300348 17256 0.14
247991 250665 17469 0.18
249971 251990 17570 0.18
251625 309615 17601 0.14
255898 255186 17821 0.18
257799 256689 17922 0.18
261183 321231 17967 0.14
264618 263875 18166 0.18
267331 269527 18267 0.18
269695 334353 18319 0.14
275403 280376 18553 0.18
278495 345520 18664 0.14
279873 284900 18727 0.18
284283 289455 18898 0.18
287426 357680 19016 0.14
288108 286417 19079 0.18
292548 295450 19243 0.18
295305 365180 19368 0.14
296188 294440 19424 0.18
301668 304680 19595 0.18
303295 376779 19647 0.14
305229 304982 19776 0.18
310388 313505 19940 0.18
311842 386447 19992 0.14
315138 317653 20163 0.18
317753 320578 20313 0.18
321530 400763 20337 0.14
324224 328322 20515 0.18
326710 330452 20658 0.18
330152 410875 20689 0.14
332886 335940 20860 0.18
335750 339615 21010 0.18
338655 421421 21055 0.14
339766 342895 21205 0.18
344630 348616 21355 0.18
346485 432796 21407 0.14
348633 346308 21557 0.18
353108 356742 21721 0.18
354303 438406 21752 0.14
358914 361474 21944 0.18
360708 364434 22073 0.18
363705 452373 22104 0.14
365701 367280 22261 0.18
369895 370231 22435 0.18
372265 460934 22449 0.14
375422 376803 22644 0.18
377746 375654 22766 0.18
381535 475960 22815 0.14
382724 384787 22954 0.18
387527 392728 23128 0.18
389295 485104 23167 0.14
394141 490887 23355 0.14
397232 399570 23539 0.18
401467 404873 23745 0.18
407045 506588 23860 0.14
406779 411539 24024 0.18
410528 508991 24048 0.14
411433 415256 24282 0.18
425117 558476 24536 0.10
420537 423776 24610 0.18
424938 433367 24795 0.18
431669 535630 24867 0.14
433161 436391 25074 0.18
435005 541275 25139 0.14
443931 584249 25330 0.10
440460 448658 25332 0.18
447936 452925 25695 0.18
453048 458039 25873 0.18
454906 566934 25903 0.14
459811 466476 26138 0.18
461651 576472 26196 0.14
466166 471306 26403 0.18
468257 614587 26411 0.10
474831 480931 26731 0.18
480925 597886 26967 0.14
481221 488643 27017 0.18
486254 495708 27202 0.18
487258 605451 27246 0.14
492166 496282 27467 0.18
495162 648360 27475 0.10
500808 505018 27788 0.18
503281 508840 27875 0.19
505326 627142 27930 0.14
507207 512171 28063 0.18
509585 515082 28150 0.19
513555 639822 28303 0.14
513631 515333 28324 0.18
516411 522226 28411 0.19
520178 682638 28511 0.10
520160 523046 28592 0.18
523231 527856 28728 0.19
525472 528679 28836 0.18
527520 527520 28923 0.19
531685 662938 28969 0.14
532534 539678 29111 0.18
534035 535101 29198 0.19
538621 674879 29244 0.14
538362 537264 29372 0.18
541291 547418 29459 0.19
546471 720604 29575 0.10
545152 546216 29633 0.18
550472 558061 29783 0.19
551642 550515 29891 0.18
554244 557377 29978 0.19
556513 696747 30017 0.14
558469 561478 30166 0.18
559590 553239 30260 0.19
562643 704177 30292 0.14
564693 564428 30434 0.18
571438 756134 30512 0.10
566933 566667 30521 0.19
574818 580631 30723 0.18
576511 581660 30838 0.19
578395 581584 30946 0.18
580320 580320 31033 0.19
582371 727247 31072 0.14
585125 590915 31214 0.18
586472 583932 31301 0.19
588659 737320 31354 0.14
591918 596050 31475 0.18
595664 789269 31560 0.10
594102 597666 31562 0.19
599996 600800 31764 0.18
603708 615018 31893 0.19
604817 605857 32001 0.18
607520 614356 32088 0.19
608828 763235 32127 0.14
611051 609460 32276 0.18
613475 614717 32363 0.19
615603 774530 32395 0.14
615872 619692 32537 0.18
621623 824534 32622 0.10
616298 612590 32624 0.19
621156 628555 32840 0.18
621662 624095 32934 0.19
622512 626377 33049 0.18
623524 627090 33143 0.19
635331 796395 33182 0.14
624987 621766 33324 0.18
626866 632020 33411 0.19
640550 804485 33457 0.14
629211 636440 33585 0.18
648692 864049 33663 0.10
629942 633741 33672 0.19
633750 635428 33895 0.18
634229 629633 33989 0.19
636361 647596 34104 0.19
637723 640020 34191 0.18
650724 824126 34237 0.14
642398 646917 34365 0.19
644363 646686 34452 0.18
653923 830556 34505 0.14
648583 648858 34626 0.19
650796 651674 34713 0.18
670405 895844 34725 0.10
655223 655501 34887 0.19
657803 662041 34974 0.18
661783 662064 35148 0.19
663763 660042 35235 0.18
666408 849565 35285 0.14
668503 668787 35409 0.19
671003 675333 35496 0.18
675063 675350 35670 0.19
675923 672129 35757 0.18
683492 920142 35773 0.10
679385 864053 35807 0.14
680663 680952 35931 0.19
683163 687578 36018 0.18
689098 684912 36206 0.19
692623 882071 36329 0.14
693562 691123 36380 0.18
696651 704725 36467 0.19
698605 938645 36553 0.10
700724 705770 36641 0.18
702742 707020 36735 0.19
704435 894731 36851 0.14
707142 711449 36909 0.18
709302 713623 36996 0.19
713511 716450 37170 0.18
715543 715848 37257 0.19
717706 913406 37300 0.14
719739 718454 37431 0.18
722023 722331 37518 0.19
725076 975444 37597 0.10
726763 731483 37692 0.18
728583 728894 37779 0.19
730834 932711 37829 0.14
732643 728504 37953 0.18
735143 735457 38040 0.19
738622 988593 38082 0.6
739803 744615 38214 0.18
741942 746478 38308 0.19
743954 950293 38351 0.14
746589 744841 38503 0.18
750179 1010267 38568 0.10
748279 752025 38590 0.19
753005 760088 38764 0.18
754839 758620 38858 0.19
756916 966747 38873 0.14
758956 759993 39032 0.18
761462 766126 39119 0.19
763947 1025088 39126 0.6
766013 773888 39293 0.18
767862 772569 39387 0.19
769956 984472 39402 0.14
771722 768986 39561 0.19
776443 1049089 39619 0.10
773882 771137 39648 0.18
777891 769675 39822 0.19
780855 783880 39909 0.18
783045 1004333 39952 0.14
784983 785320 40083 0.19
790091 1062276 40104 0.6
786808 781275 40170 0.18
792563 807411 40344 0.19
794043 799234 40431 0.18
795744 1017317 40481 0.14
798103 798446 40605 0.19
802613 1088098 40691 0.10
800603 805840 40692 0.18
804935 795305 40873 0.19
808333 816676 40960 0.18
808626 1032658 41003 0.14
811542 816536 41134 0.19
815534 1093656 41148 0.6
813339 811874 41221 0.18
818022 823059 41402 0.19
822116 1055049 41525 0.14
821882 818955 41576 0.18
824662 829742 41663 0.19
828693 1126815 41749 0.10
828855 832079 41837 0.18
831142 836265 41931 0.19
835236 1072854 42054 0.14
835524 841619 42105 0.18
836615 826580 42192 0.19
841781 1133876 42227 0.6
841579 840060 42366 0.18
843863 844227 42453 0.19
846481 1094287 42496 0.14
848139 846607 42627 0.18
851443 867473 42714 0.19
855893 1165382 42800 0.10
855083 860701 42888 0.18
856983 857354 42975 0.19
858702 1099153 43025 0.14
861773 870705 43156 0.18
860938 855623 43250 0.19
867795 1170390 43278 0.6
864269 862225 43438 0.18
865719 870097 43525 0.19
872641 1129454 43547 0.14
867549 865497 43699 0.18
878792 1197830 43764 0.10
868613 868192 43793 0.19
870602 867490 43967 0.19
872100 874949 44054 0.18
884196 1139501 44069 0.14
874715 884769 44228 0.19
875415 878832 44315 0.18
894218 1210224 44336 0.6
877702 883131 44496 0.19
878884 885317 44583 0.18
880982 886433 44757 0.19
904763 1233609 44815 0.10
881659 880063 44844 0.18
896259 1163319 44887 0.14
883943 884326 45018 0.19
885533 894728 45105 0.18
887383 887767 45279 0.19
917910 1242444 45300 0.6
888163 883078 45366 0.18
902365 1169791 45416 0.14
890663 891049 45540 0.19
918945 1259694 45626 0.10
892043 897920 45627 0.18
894182 899720 45808 0.19
894779 893158 45895 0.18
909005 1180780 45938 0.14
897382 902941 46069 0.19
898733 908073 46156 0.18
899575 888735 46337 0.19
940926 1277716 46358 0.6
915716 1190910 46460 0.14
902202 898970 46511 0.18
903862 909463 46598 0.19
931827 1282664 46684 0.10
905895 909439 46772 0.18
907062 912684 46866 0.19
922196 1201737 46989 0.14
908682 905425 47040 0.18
910342 915986 47127 0.19
951051 1293069 47162 0.6
912733 922228 47301 0.18
913463 913859 47388 0.19
927466 1210131 47431 0.14
915499 913838 47562 0.18
916743 917141 47649 0.19
945027 1305932 47735 0.10
919243 925310 47823 0.18
920103 920503 47910 0.19
934034 1223571 47960 0.14
921658 915945 48105 0.18
923239 927927 48199 0.19
964320 1319401 48213 0.6
926022 941184 48373 0.19
926420 929458 48460 0.18
940586 1232241 48482 0.14
927811 917899 48634 0.19
956606 1324528 48699 0.10
929700 932749 48721 0.18
932055 920800 48902 0.19
934164 941027 48989 0.18
947316 1244645 49004 0.14
936262 942076 49163 0.19
937613 947383 49250 0.18
977440 1342484 49271 0.6
939462 945297 49431 0.19
940432 942349 49518 0.18
953528 1254621 49554 0.14
942902 948760 49692 0.19
969963 1351840 49750 0.10
943579 941864 49779 0.18
945863 946274 49953 0.19
946859 945138 50040 0.18
961205 1269032 50083 0.14
949143 949556 50214 0.19
989430 1366897 50235 0.6
949923 944463 50301 0.18
952423 952837 50475 0.19
953883 960193 50562 0.18
967504 1274706 50612 0.14
955942 961886 50743 0.19
983893 1377551 50829 0.10
958055 961815 50917 0.18
959302 965268 51004 0.19
973849 1283365 51134 0.14
961335 965109 51178 0.18
962263 962682 51265 0.19
1002446 1390548 51307 0.6
965327 982995 51446 0.19
965456 967149 51533 0.18
980329 1294225 51663 0.14
967482 964001 51707 0.19
969015 972821 51794 0.18
997253 1404019 51880 0.10
971063 971486 51968 0.19
986474 1314508 52098 0.14
973835 985102 52142 0.19
975383 975808 52316 0.19
1016446 1415498 52365 0.6
976438 958607 52497 0.19
993121 1328437 52627 0.14
979389 978484 52685 0.19
1008933 1424724 52844 0.10
983267 993064 52953 0.19
998296 1331281 53062 0.14
983709 982800 53218 0.19
1029715 1440813 53409 0.6
1002403 1335016 53410 0.14
986862 1003790 53476 0.19
986782 1003709 53741 0.19
1022123 1447948 53895 0.10
986084 994784 54034 0.19
1011081 1357219 54319 0.14
986942 999569 54327 0.19
1041590 1463186 54380 0.6
986936 1000891 54599 0.19
1032637 1467570 54786 0.10
986779 999336 54812 0.19
987336 1004166 55112 0.19
1012971 1374950 55170 0.14
1052440 1482335 55250 0.6
987016 1000972 55377 0.19
987019 999579 55597 0.19
985664 989684 55897 0.19
1013070 1383595 55948 0.14
987096 1001053 56162 0.19
985979 998525 56382 0.19
1039132 1501714 56512 0.10
1064366 1511613 56591 0.6
986138 984317 56675 0.19
1013296 1390383 56726 0.14
987656 1001622 56947 0.19
988859 1001444 57160 0.19
989193 1002034 57376 0.20
988148 999462 57463 0.19
1013239 1399506 57518 0.14
990121 1000968 57637 0.20
990550 1006244 57724 0.19
989307 984038 57860 0.20
990487 1005056 57947 0.19
1039542 1524263 58075 0.10
989684 995536 58156 0.20
990004 995858 58243 0.19
1015451 1412495 58254 0.14
1065317 1536225 58290 0.6
989378 999806 58417 0.20
989606 988276 58511 0.19
990487 1005056 58640 0.20
988347 983084 58727 0.19
989364 995214 58936 0.20
989760 989760 59023 0.19
1015864 1417976 59041 0.14
989046 987716 59204 0.20
990550 1006244 59291 0.19
989735 990728 59427 0.20
990019 1010550 59514 0.19
1042386 1552845 59564 0.10
990004 995858 59723 0.20
989388 982684 59817 0.19
1015607 1428157 59821 0.14
1065196 1563259 59860 0.6
988935 989927 59918 0.20
989655 990648 60005 0.19
989364 995214 60242 0.20
989284 995133 60336 0.19
989840 1002830 60423 0.20
989288 992327 60597 0.19
1016139 1432367 60608 0.14
990867 1000744 60698 0.20
990500 993760 60785 0.19
990802 987951 61029 0.20
991284 997146 61116 0.19
1042264 1568934 61124 0.10
991288 994334 61290 0.20
1069122 1586282 61351 0.6
992607 1000706 61384 0.19
993667 1003573 61485 0.20
1015508 1439848 61517 0.14
993667 1003573 61572 0.19
993044 998917 61809 0.20
992964 998836 61903 0.19
993440 1006480 61990 0.20
992888 995939 62164 0.19
1018313 1447364 62210 0.14
993507 1003412 62265 0.20
993140 996409 62352 0.19
992002 989147 62596 0.20
992484 998353 62683 0.19
992488 995538 62857 0.20
1043102 1582062 62886 0.10
992488 995538 62944 0.19
992867 1002765 63052 0.20
1019108 1457134 63084 0.14
1068705 1602467 63113 0.6
991699 980481 63139 0.19
992589 991671 63390 0.20
992821 997559 63484 0.19
993204 999078 63571 0.20
993109 1000149 63759 0.19
1018618 1463911 63777 0.14
993427 1003331 63846 0.20
993531 1005328 64020 0.19
991922 989067 64177 0.20
992960 1005993 64264 0.19
992648 995698 64438 0.20
1045517 1597877 64453 0.10
992564 998434 64539 0.19
993860 997132 64626 0.20
1019287 1470933 64665 0.14
1070794 1615203 64680 0.6
993338 987154 64800 0.19
994189 993270 64971 0.20
994800 1006407 65065 0.19
994800 1006407 65152 0.20
995248 1017856 65340 0.19
1018806 1475029 65358 0.14
994547 1004463 65427 0.20
994519 999590 65615 0.19
994367 1002481 65751 0.20
993506 987463 65845 0.19
994640 1007697 65932 0.20
1045322 1612752 65947 0.10
993426 987384 66120 0.19
994547 1004463 66207 0.20
1020770 1489323 66246 0.14
1071106 1632488 66254 0.6
994519 999590 66395 0.19
992949 985523 66510 0.20
993286 991950 66684 0.19
992869 985443 66785 0.20
993826 1002273 66872 0.19
1020404 1493307 67026 0.14
995033 1012313 67053 0.20
994627 1004544 67140 0.19
994502 1000700 67314 0.20
994502 1000700 67401 0.19
1046614 1632473 67528 0.10
993303 993736 67575 0.20
1019951 1499127 67604 0.14
993303 993736 67662 0.19
1072466 1649923 67734 0.6
994343 994777 67836 0.20
993383 993816 67923 0.19
993898 987710 68111 0.20
994971 1006786 68198 0.19
1020792 1507330 68234 0.15
994651 1006462 68372 0.20
993658 987472 68459 0.19
994103 994537 68633 0.20
994103 994537 68720 0.19
1020600 1504760 68756 0.14
994263 994697 68894 0.20
1046535 1644877 68973 0.10
994343 994777 68981 0.19
1020822 1513063 69031 0.15
994343 994777 69155 0.20
994343 994777 69242 0.19
1072758 1666656 69315 0.6
994343 994777 69416 0.20
994423 994857 69503 0.19
1020466 1513541 69553 0.14
994491 1006300 69691 0.20
1020089 1505018 69814 0.15
994056 996536 69865 0.19
993578 987392 69952 0.20
994136 996616 70126 0.19
994183 994617 70213 0.20
1046489 1660979 70299 0.10
1020379 1514111 70336 0.14
994103 994537 70387 0.19
995283 1014200 70474 0.20
1072700 1676721 70509 0.6
1020035 1515256 70597 0.15
995283 1014200 70648 0.19
994263 994697 70735 0.20
994103 994537 70909 0.19
994183 994617 70996 0.20
1020048 1521053 71046 0.14
994183 994617 71170 0.19
994422 1000619 71264 0.20
1021041 1533873 71307 0.15
994180 997453 71445 0.20
994136 996616 71532 0.19
993802 990221 71706 0.20
1045988 1672060 71792 0.10
994136 996616 71793 0.19
1020657 1531041 71829 0.14
994503 994937 71967 0.20
994503 994937 72054 0.19
1072761 1694293 72089 0.6
1020266 1530167 72090 0.15
994023 994457 72228 0.20
994023 994457 72315 0.19
994023 994457 72489 0.20
994023 994457 72576 0.19
1020956 1541929 72626 0.14
994023 994457 72750 0.20
994103 994537 72837 0.19
1020329 1532006 72887 0.15
993578 987392 73025 0.20
994571 1006381 73112 0.19
994171 1005976 73286 0.20
1046341 1691614 73372 0.10
993178 986995 73373 0.19
1020080 1539588 73409 0.14
993943 994376 73547 0.20
1072645 1709640 73582 0.6
994023 994457 73634 0.19
1020355 1547821 73670 0.15
994103 994537 73808 0.20
994103 994537 73895 0.19
994571 1006381 74083 0.20
993578 987392 74170 0.19
1020516 1545141 74206 0.14
993573 993087 74351 0.20
994633 1011906 74438 0.19
1019875 1554250 74467 0.15
994213 993727 74626 0.20
995193 1012476 74713 0.19
995211 1007029 74887 0.20
1046927 1709057 74952 0.10
993258 987074 74974 0.19
1020160 1553602 74989 0.14
993623 994056 75148 0.20
1072939 1727201 75162 0.6
993623 994056 75235 0.19
1020808 1557914 75264 0.15
993703 994136 75409 0.20
993703 994136 75496 0.19
994583 995017 75670 0.20
993623 994056 75757 0.19
1020643 1560795 75807 0.15
994263 994697 75931 0.20
994263 994697 76018 0.19
1020000 1567519 76068 0.14
995131 1006948 76206 0.20
994839 999912 76293 0.19
994218 988028 76467 0.20
1046700 1727374 76553 0.10
995683 1014609 76554 0.19
1020865 1571498 76590 0.15
994663 995097 76728 0.20
1072253 1738954 76742 0.6
993643 975585 76815 0.19
1020451 1571843 76851 0.14
994822 1001022 76996 0.20
996285 1026112 77083 0.19
994662 1000861 77257 0.20
1020915 1578520 77387 0.15
995115 1006642 77431 0.20
994743 995177 77605 0.20
1020739 1576172 77648 0.14
994743 995177 77779 0.20
994023 994457 77953 0.20
994023 994457 78127 0.20
1046716 1740513 78133 0.10
1020329 1578838 78177 0.15
994583 995017 78301 0.20
1071975 1757512 78343 0.6
1020337 1581160 78351 0.14
994343 994777 78475 0.20
994343 994777 78649 0.20
1020643 1583813 78699 0.15
994583 995017 78823 0.20
1020932 1592174 78873 0.14
994583 995017 78997 0.20
994823 995257 79171 0.20
1020515 1592651 79221 0.15
993863 994296 79345 0.20
1020900 1597445 79395 0.14
995623 996057 79519 0.20
1046650 1755357 79532 0.10
995703 996137 79693 0.20
1020515 1599134 79743 0.15
995703 996137 79867 0.20
1020595 1601455 79917 0.14
1072783 1776109 79930 0.6
995703 996137 80041 0.20
996310 1012101 80149 0.20
1020640 1620470 80265 0.15
996310 1012101 80323 0.20
1021425 1618448 80439 0.14
995703 996137 80497 0.20
1046354 1769540 80576 0.10
995703 996137 80671 0.20
1022480 1629441 80787 0.15
994851 984181 80932 0.20
1022225 1625859 80961 0.14
1072376 1791498 81061 0.6
996742 1002954 81200 0.20
1021093 1611207 81417 0.15
997268 1014489 81465 0.20
1021929 1626310 81591 0.14
1048129 1795009 81620 0.10
996244 994872 81723 0.20
997822 1014949 81988 0.20
1022482 1623972 82026 0.15
1073132 1811941 82105 0.6
997342 1014460 82246 0.20
1022073 1622838 82315 0.14
996156 988834 82504 0.20
996782 1013890 82769 0.20
1048115 1806263 82772 0.10
1023011 1642031 82838 0.15
997422 1014542 83027 0.20
1022268 1632496 83096 0.14
1073479 1821667 83257 0.6
996324 994952 83292 0.20
997742 1014868 83550 0.20
1023038 1645505 83619 0.15
997102 1014216 83815 0.20
1023763 1652160 83877 0.14
996324 994952 84073 0.20
997028 1008449 84331 0.20
1048834 1825795 84368 0.10
1022987 1649811 84400 0.15
1074788 1843184 84587 0.6
996862 1013972 84596 0.20
1023412 1652988 84665 0.14
995684 994313 84854 0.20
997342 1014460 85119 0.20
1023064 1655867 85188 0.15
997422 1014542 85377 0.20
1023012 1657516 85446 0.14
997301 1006407 85551 0.21
996804 1002700 85638 0.20
998454 1009629 85812 0.21
997623 998058 85899 0.20
1049006 1836151 85930 0.10
1022904 1663312 85969 0.15
997863 998298 86073 0.21
1075026 1855724 86156 0.6
997703 998138 86160 0.20
1023332 1664876 86227 0.14
997943 998378 86334 0.21
997703 998138 86421 0.20
997943 998378 86595 0.21
997783 998218 86682 0.20
1024390 1665998 86732 0.15
997973 997485 86877 0.21
998393 1015735 86964 0.20
1024751 1674215 86993 0.14
998953 1016305 87138 0.21
997493 997005 87225 0.20
999223 999659 87399 0.21
1049948 1861334 87478 0.10
998823 999259 87486 0.20
1024448 1670608 87515 0.15
999143 999579 87660 0.21
1075059 1874798 87718 0.6
998823 999259 87747 0.20
1024420 1672268 87776 0.14
998183 998618 87921 0.21
998903 999339 88008 0.20
999223 999659 88182 0.21
998903 999339 88269 0.20
1025313 1678087 88319 0.15
998263 998698 88443 0.21
998983 999419 88530 0.20
1025192 1671161 88580 0.14
999303 999739 88704 0.21
998983 999419 88791 0.20
998983 999419 88965 0.21
998983 999419 89052 0.20
1050510 1870757 89065 0.10
1025209 1674370 89102 0.15
998983 999419 89226 0.21
1076940 1891483 89268 0.6
998983 999419 89313 0.20
1025386 1680337 89363 0.14
999063 999499 89487 0.21
999063 999499 89574 0.20
999063 999499 89748 0.21
1000083 1019097 89835 0.20
1024995 1681252 89885 0.15
1000083 1019097 90009 0.21
999063 999499 90096 0.20
1025146 1686672 90146 0.14
999063 999499 90270 0.21
999063 999499 90357 0.20
999063 999499 90531 0.21
999063 999499 90618 0.20
1051714 1883435 90631 0.10
1025075 1687975 90668 0.15
999063 999499 90792 0.21
1078001 1906366 90855 0.6
999063 999499 90879 0.20
1025245 1693818 90929 0.14
999063 999499 91053 0.21
999063 999499 91140 0.20
999063 999499 91314 0.21
999063 999499 91401 0.20
1025075 1694538 91451 0.15
999063 999499 91575 0.21
999063 999499 91662 0.20
1025245 1700396 91712 0.14
999063 999499 91836 0.21
999063 999499 91923 0.20
999063 999499 92097 0.21
999063 999499 92184 0.20
1051301 1896682 92197 0.10
1025585 1712220 92234 0.15
999063 999499 92358 0.21
1077447 1916762 92421 0.6
999063 999499 92445 0.20
1025245 1706973 92495 0.14
999063 999499 92619 0.21
1000083 1019097 92706 0.20
1000083 1019097 92880 0.21
999063 999499 92967 0.20
1025075 1707584 93017 0.15
999063 999499 93141 0.21
999063 999499 93228 0.20
1025245 1713550 93278 0.14
999143 999579 93402 0.21
999143 999579 93489 0.20
999223 999659 93663 0.21
999223 999659 93750 0.20
1051314 1913276 93763 0.10
1025075 1714147 93800 0.15
998698 992479 93938 0.21
1077367 1930848 93987 0.6
999691 1011565 94025 0.20
1025245 1720047 94061 0.14
998933 998444 94206 0.21
998933 998444 94293 0.20
999302 1005531 94467 0.21
998295 986194 94554 0.20
1025665 1732198 94583 0.15
1000003 1019015 94728 0.21
998983 999419 94815 0.20
1025405 1726946 94844 0.14
998983 999419 94989 0.21
1000003 1019015 95076 0.20
998983 999419 95250 0.21
1051314 1930040 95329 0.10
998983 999419 95337 0.20
1024969 1727577 95387 0.15
999063 999499 95511 0.21
1077383 1947526 95553 0.6
999063 999499 95598 0.20
999063 999499 95772 0.21
999063 999499 95859 0.20
1025283 1738947 95909 0.14
999063 999499 96033 0.21
999063 999499 96120 0.20
1024969 1734138 96170 0.15
999063 999499 96294 0.21
999063 999499 96381 0.20
999063 999499 96555 0.21
999063 999499 96642 0.20
1051114 1942809 96655 0.10
1025060 1738849 96692 0.14
999063 999499 96816 0.21
999063 999499 96903 0.20
1025585 1752822 96953 0.15
999063 999499 97077 0.21
1077278 1963593 97133 0.6
999063 999499 97164 0.20
999063 999499 97338 0.21
999063 999499 97425 0.20
1025363 1752202 97475 0.14
1000083 1019097 97599 0.21
999063 999499 97686 0.20
1025075 1747923 97736 0.15
999063 999499 97860 0.21
1000083 1019097 97947 0.20
999063 999499 98121 0.21
999063 999499 98208 0.20
1051194 1958352 98221 0.10
1024905 1748507 98258 0.14
999063 999499 98382 0.21
1077452 1981635 98445 0.6
999063 999499 98469 0.20
1025075 1754486 98519 0.15
999063 999499 98643 0.21
999063 999499 98730 0.20
999063 999499 98904 0.21
999063 999499 98991 0.20
1025245 1762720 99041 0.14
999063 999499 99165 0.21
999063 999499 99252 0.20
1025585 1772559 99302 0.15
999223 999659 99426 0.21
999223 999659 99513 0.20
999223 999659 99687 0.21
999223 999659 99774 0.20
1051433 1979225 99787 0.10
1025245 1769217 99824 0.14
999223 999659 99948 0.21
1077233 1992643 100011 0.6
999223 999659 100035 0.20
1025075 1767612 100085 0.15
999223 999659 100209 0.21
1000243 1019260 100296 0.20
1000243 1019260 100470 0.21
999223 999659 100557 0.20
1025405 1776115 100607 0.14
999223 999659 100731 0.21
999223 999659 100818 0.20
1025235 1774495 100868 0.15
999223 999659 100992 0.21
999223 999659 101079 0.20
999691 1011565 101267 0.21
1051314 1993568 101353 0.10
998698 992479 101354 0.20
1025405 1782692 101390 0.14
998778 992558 101528 0.21
1077344 2010133 101577 0.6
999771 1011646 101615 0.20
1025745 1792618 101651 0.15
999143 999579 101789 0.21
999143 999579 101876 0.20
999143 999579 102050 0.21
999143 999579 102137 0.20
1025405 1789270 102173 0.14
999143 999579 102311 0.21
999143 999579 102398 0.20
1025395 1794620 102448 0.15
999143 999579 102572 0.21
999143 999579 102659 0.20
999143 999579 102833 0.21
1051474 2010332 102919 0.10
999143 999579 102920 0.20
1025538 1800570 102970 0.14
999382 1005612 103101 0.21
1077259 2023009 103143 0.6
999382 1005612 103188 0.20
1024969 1789669 103231 0.15
999382 1005612 103362 0.21
999382 1005612 103449 0.20
999063 999499 103623 0.21
999063 999499 103710 0.20
1025200 1799296 103753 0.14
999063 999499 103884 0.21
999063 999499 103971 0.20
1025155 1800507 104014 0.15
999063 999499 104145 0.21
999063 999499 104232 0.20
999063 999499 104406 0.21
999063 999499 104493 0.20
1051310 2024906 104499 0.10
1025572 1816158 104543 0.15
999063 999499 104667 0.21
1077358 2042217 104723 0.6
999063 999499 104754 0.20
1024995 1804975 104804 0.14
999063 999499 104928 0.21
999063 999499 105015 0.20
999063 999499 105189 0.21
999063 999499 105276 0.20
1024963 1808633 105326 0.15
999063 999499 105450 0.21
1000083 1019097 105537 0.20
1025431 1821652 105587 0.14
1000243 1019260 105711 0.21
999223 999659 105798 0.20
999223 999659 105972 0.21
999223 999659 106059 0.20
1051301 2042569 106072 0.10
1025075 1817715 106109 0.15
999223 999659 106233 0.21
1077367 2059972 106296 0.6
999223 999659 106320 0.20
1025256 1824325 106370 0.14
999223 999659 106494 0.21
999223 999659 106581 0.20
999223 999659 106755 0.21
999223 999659 106842 0.20
1025745 1836523 106892 0.15
999223 999659 107016 0.21
999223 999659 107103 0.20
1025405 1830819 107153 0.14
999223 999659 107277 0.21
999835 1011420 107451 0.21
999223 999659 107625 0.21
1051461 2059331 107638 0.10
1025235 1831161 107675 0.15
999399 1004497 107726 0.21
1077367 2076253 107862 0.6
999399 1004497 107900 0.21
1025405 1837316 107936 0.14
999143 999579 108074 0.21
999143 999579 108248 0.21
1024965 1831445 108371 0.15
999143 999579 108422 0.21
1025052 1835636 108545 0.14
999143 999579 108596 0.21
999143 999579 108770 0.21
999143 999579 108944 0.21
1025235 1846019 108994 0.15
999143 999579 109118 0.21
1025208 1847528 109168 0.14
1051319 2072936 109204 0.10
999143 999579 109292 0.21
1077632 2094699 109428 0.6
999143 999579 109466 0.21
1025248 1852797 109516 0.15
999143 999579 109640 0.21
1025443 1859686 109690 0.14
999143 999579 109814 0.21
999143 999579 109988 0.21
1025920 1875381 110038 0.15
999143 999579 110162 0.21
1025698 1872259 110212 0.14
999538 1008608 110343 0.21
1051200 2088499 110349 0.10
999538 1008608 110517 0.21
1025920 1880876 110560 0.15
999063 999499 110691 0.21
1025665 1875917 110734 0.14
1077365 2108048 110834 0.6
999063 999499 110865 0.21
999063 999499 111039 0.21
1025155 1866057 111082 0.15
999063 999499 111213 0.21
1025155 1867178 111256 0.14
999223 999659 111387 0.21
1051488 2110821 111393 0.10
999223 999659 111561 0.21
1025316 1874932 111611 0.15
999223 999659 111735 0.21
1025316 1876056 111785 0.14
1077720 2130279 111878 0.6
999993 1017364 111923 0.21
999993 1017364 112097 0.21
1025316 1878224 112133 0.15
999063 999499 112271 0.21
1025476 1879589 112307 0.14
1051563 2123763 112444 0.10
999063 999499 112445 0.21
999143 999579 112619 0.21
1025235 1875982 112655 0.15
999143 999579 112793 0.21
1025332 1879423 112829 0.14
1077420 2138534 112922 0.6
999143 999579 112967 0.21
999143 999579 113141 0.21
1024798 1872257 113191 0.15
999143 999579 113315 0.21
1024889 1875504 113365 0.14
1051694 2133211 113488 0.10
999143 999579 113489 0.21
999143 999579 113663 0.21
1024878 1875527 113713 0.15
999143 999579 113837 0.21
1024969 1878858 113887 0.14
1077657 2153627 113973 0.6
999143 999579 114011 0.21
999143 999579 114185 0.21
1025155 1885506 114235 0.15
999143 999579 114359 0.21
1024969 1882131 114409 0.14
999143 999579 114533 0.21
1051150 2133582 114546 0.10
999143 999579 114707 0.21
1025920 1907305 114757 0.15
999143 999579 114881 0.21
1025665 1902421 114931 0.14
1077077 2153828 115031 0.6
999143 999579 115055 0.21
999303 999739 115229 0.21
1025920 1910780 115279 0.15
999303 999739 115403 0.21
1025665 1905724 115453 0.14
999303 999739 115577 0.21
1051381 2148114 115590 0.10
999303 999739 115751 0.21
1025155 1895511 115801 0.15
999303 999739 115925 0.21
1025665 1909027 115975 0.14
1077157 2163911 116075 0.6
1000073 1017446 116113 0.21
1000073 1017446 116287 0.21
1025315 1898952 116323 0.15
999143 999579 116461 0.21
1025315 1900153 116497 0.14
1051381 2158219 116634 0.10
999143 999579 116635 0.21
999223 999659 116809 0.21
1025315 1902314 116845 0.15
999223 999659 116983 0.21
1025315 1903434 117019 0.14
1077447 2178831 117119 0.6
999618 1008689 117164 0.21
999618 1008689 117338 0.21
1024878 1899532 117381 0.15
999143 999579 117512 0.21
1024969 1902891 117555 0.14
1051667 2170865 117678 0.10
999143 999579 117686 0.21
999143 999579 117860 0.21
1025713 1921356 117903 0.15
999143 999579 118034 0.21
1025555 1918623 118077 0.14
1077764 2191421 118163 0.6
999143 999579 118208 0.21
999143 999579 118382 0.21
1025396 1918687 118432 0.15
999143 999579 118556 0.21
1025396 1919811 118606 0.14
999143 999579 118730 0.21
1051123 2171917 118736 0.10
999143 999579 118904 0.21
1024636 1903318 118954 0.15
999143 999579 119078 0.21
1024636 1904590 119128 0.14
1077447 2199523 119221 0.6
999143 999579 119252 0.21
999303 999739 119426 0.21
1025155 1919522 119476 0.15
999303 999739 119600 0.21
1025443 1927727 119650 0.14
999303 999739 119774 0.21
1051150 2183917 119787 0.10
999303 999739 119948 0.21
1025920 1941654 119998 0.15
999303 999739 120122 0.21
1025665 1936418 120172 0.14
1077157 2204483 120272 0.6
999698 1008769 120303 0.21
1000073 1017446 120484 0.21
1026080 1945210 120520 0.15
999698 1008769 120658 0.21
1025825 1939962 120694 0.14
1051488 2201043 120831 0.10
999223 999659 120832 0.21
999223 999659 121006 0.21
1025315 1929606 121042 0.15
999223 999659 121180 0.21
1025315 1930647 121216 0.14
1077157 2214485 121316 0.6
999223 999659 121354 0.21
999223 999659 121528 0.21
1024958 1925691 121578 0.15
999223 999659 121702 0.21
1051774 2212868 121875 0.10
999223 999659 121876 0.21
1025068 1930656 121926 0.14
999223 999659 122050 0.21
1024958 1928961 122100 0.15
999223 999659 122224 0.21
1077897 2233445 122360 0.6
999223 999659 122398 0.21
1025068 1933850 122448 0.14
999223 999659 122572 0.21
1025235 1939131 122622 0.15
999223 999659 122746 0.21
1051474 2216631 122759 0.10
999223 999659 122920 0.21
1025523 1948453 122970 0.14
999618 1008689 123101 0.21
1026000 1961455 123144 0.15
999618 1008689 123275 0.21
1077817 2243171 123411 0.6
999143 999579 123449 0.21
1025745 1957444 123492 0.14
999303 999739 123623 0.21
1026000 1965092 123666 0.15
999303 999739 123797 0.21
1051116 2218846 123803 0.10
999303 999739 123971 0.21
1025745 1960586 124014 0.14
998503 998939 124145 0.21
1024636 1936233 124195 0.15
1077542 2247112 124288 0.6
999143 999579 124319 0.21
999383 999819 124493 0.21
1025396 1956420 124543 0.14
998898 1007962 124674 0.21
1025556 1958186 124717 0.15
1051474 2235802 124847 0.10
998978 1008042 124848 0.21
998538 992320 124942 0.21
1024756 1960113 125065 0.14
998618 992399 125116 0.21
1025920 1974629 125239 0.15
998343 998778 125290 0.21
1077542 2257298 125332 0.6
998983 999419 125464 0.21
1024612 1958757 125587 0.14
999063 999499 125638 0.21
1023996 1944501 125768 0.15
998423 998859 125812 0.21
1051774 2251691 125898 0.10
998663 999099 125986 0.21
999063 999499 126160 0.21
1025504 1964354 126210 0.15
999063 999499 126334 0.21
1077015 2259453 126383 0.6
1024413 1963063 126384 0.14
998663 999099 126508 0.21
999063 999499 126682 0.21
1026072 1981767 126732 0.15
1000674 1028978 126856 0.21
1024493 1966427 126906 0.14
998898 1007962 127037 0.21
1051403 2261172 127043 0.10
1025075 1967304 127254 0.15
1077817 2282075 127427 0.6
1025533 1970832 127428 0.14
999243 1002957 127472 0.18
999724 1003458 127646 0.18
1025155 1970665 127776 0.15
999236 1002815 127907 0.18
1025475 1972506 127950 0.14
1050835 2263279 128087 0.10
1024443 1970092 128218 0.15
1024776 1979073 128305 0.14
1024889 1971958 128566 0.15
1077283 2284759 128572 0.6
1024483 1975111 128740 0.14
1025665 1994099 129001 0.15
1025026 1978193 129088 0.14
1050595 2274099 129138 0.10
1025555 1984752 129262 0.15
1025555 1985232 129349 0.14
1025007 1973990 129537 0.15
1077165 2299827 129616 0.6
1025567 2002101 129624 0.14
1050728 2283612 129834 0.10
1025805 1992511 129885 0.15
1026207 2002101 129972 0.14
1025707 2005747 130247 0.15
1024483 1984382 130362 0.14
1077076 2301528 130406 0.6
1051769 2295728 130457 0.10
1027024 2022678 130599 0.15
1025601 1992321 130707 0.14
1026029 2013077 130944 0.15
1025030 1998307 131059 0.14
1051619 2295146 131073 0.10
1077740 2314880 131189 0.6
1024483 1983982 131296 0.15
1026472 2010810 131404 0.14
999662 1005166 131474 0.18
1025203 1984861 131641 0.15
1000191 1005132 131669 0.18
1076987 2318083 131725 0.6
1026466 2016622 131756 0.14
1026234 2005240 131986 0.15
1025432 2009919 132101 0.14
1051465 2310373 132188 0.10
1001385 1009148 132244 0.18
1026156 2003007 132352 0.15
1078246 2334031 132505 0.6
1026431 2009446 132568 0.14
1027312 2014845 132885 0.15
1052109 2320194 132885 0.10
1026809 2005372 133014 0.14
1027535 2002678 133338 0.15
1027871 1998089 133467 0.14
1078094 2344971 133547 0.6
1027862 2012867 133603 0.15
1027770 2000986 133840 0.14
1027590 2009457 133976 0.15
1054068 2334215 134143 0.10
1027851 2004928 134192 0.14
1078905 2355968 134258 0.6
1027853 2001130 134356 0.15
1028052 2019443 134485 0.14
1028429 2019664 134722 0.15
1027237 1994991 134907 0.15
1054438 2334518 135091 0.10
1027448 2004127 135179 0.15
1001351 1009948 135381 0.18
1028605 2017534 135472 0.15
1028318 2010234 135559 0.14
1080169 2357661 135711 0.6
1028906 2029059 135831 0.15
1054285 2349168 136001 0.10
1027783 2007109 136026 0.16
1001872 1009777 136046 0.18
1027541 2000938 136113 0.15
1027552 2004986 136214 0.16
1027052 1992238 136301 0.15
1001572 1008380 136321 0.18
1026234 1973024 136583 0.16
1079504 2359182 136607 0.6
1027945 2020542 136677 0.15
1053778 2344718 136695 0.10
1027510 1989553 136879 0.16
1027510 1989553 136966 0.15
1028100 2011366 137241 0.16
1079798 2371668 137301 0.6
1027123 1986460 137415 0.15
1053973 2355023 137482 0.10
1028292 2016162 137596 0.16
1027447 1996508 137690 0.15
1026314 1973421 137798 0.16
1027052 1992238 137885 0.15
1080541 2378143 137932 0.6
1026972 1992078 138066 0.16
1054322 2360338 138147 0.10
1026429 1978235 138153 0.15
1027625 2019972 138362 0.16
1026209 1983901 138449 0.15
1027249 1984860 138630 0.16
1028665 2020948 138717 0.15
1079859 2384797 138778 0.6
1027079 1986335 138905 0.16
1052743 2345405 138979 0.10
1027079 1986335 138992 0.15
1027052 1992318 139100 0.16
1027052 1992318 139187 0.15
1027052 1992158 139375 0.16
1028752 2035466 139462 0.15
1079695 2378217 139516 0.6
1052951 2368221 139543 0.10
1026369 1984141 139664 0.16
1000979 1005716 139691 0.18
1026369 1984141 139751 0.15
1026209 1983822 139939 0.16
1026209 1983822 140026 0.15
1028790 2024057 140207 0.16
1079512 2390624 140254 0.6
1053180 2368577 140281 0.10
1028148 2010613 140308 0.15
1027212 1992479 140409 0.16
1027212 1992479 140496 0.15
1026104 1971919 140785 0.16
1079869 2392545 140818 0.6
1052921 2377407 140845 0.10
1026609 1984780 140872 0.15
1027805 1999118 141081 0.16
1028093 2008324 141175 0.15
1027979 2005434 141262 0.16
1027169 1984780 141436 0.15
1028790 2026092 141523 0.16
1079593 2403042 141563 0.6
1053611 2386552 141590 0.10
1027315 1988593 141697 0.15
1027326 2006889 141840 0.16
1026642 1989464 141927 0.15
1026304 1982795 142108 0.16
1027228 2002445 142195 0.15
1053551 2388058 142356 0.10
1026739 1997573 142390 0.16
1027108 2008753 142484 0.15
1027902 2023357 142641 0.16
1026403 1985181 142728 0.15
1026886 1999364 142909 0.16
1078951 2411725 142973 0.6
1026726 1999122 143003 0.15
1053112 2402378 143021 0.10
1026640 1987359 143153 0.16
1026640 1987359 143240 0.15
1026560 1987359 143421 0.16
1027721 2014988 143508 0.15
1026439 1986095 143696 0.16
1027910 2023568 143783 0.15
1053294 2416784 143822 0.10
1027902 2023520 143954 0.16
1026792 1997129 144048 0.15
1026634 1993094 144135 0.16
1079157 2433244 144296 0.6
1025842 1972915 144309 0.15
1053270 2418493 144334 0.10
1026139 1975006 144459 0.16
1027228 2002767 144546 0.15
1026812 1994046 144727 0.16
1027641 2015150 144814 0.15
1027639 1987454 145002 0.16
1027639 1987454 145089 0.15
1052852 2421446 145229 0.10
1029102 2024824 145260 0.16
1028072 1998415 145354 0.15
1029813 2040841 145441 0.16
1079259 2450421 145609 0.6
1028720 2012976 145615 0.15
1053060 2427296 145640 0.10
1027579 1976358 145765 0.16
1028748 2004218 145852 0.15
1028332 1995490 146033 0.16
1027579 1976278 146120 0.15
1028897 2013896 146301 0.16
1027799 1987774 146395 0.15
1054272 2438671 146535 0.10
1027763 1986859 146566 0.16
1028152 1998656 146660 0.15
1028557 2008972 146747 0.16
1080528 2469893 146915 0.6
1028720 2013138 146921 0.15
1054361 2436782 146946 0.10
1028406 2001296 147085 0.16
1028246 2001054 147179 0.15
1028246 2001135 147266 0.16
1028246 2001135 147440 0.15
1027463 1981161 147527 0.16
1028035 1988914 147701 0.15
1054272 2451856 147841 0.10
1027763 1981963 147872 0.16
1028486 2000410 147959 0.15
1028815 2021176 148081 0.16
1028194 2005359 148168 0.15
1080995 2489730 148221 0.6
1054409 2460867 148360 0.10
1028486 2000410 148391 0.16
1028486 2000410 148478 0.15
1028333 1996495 148652 0.16
1028413 1996575 148739 0.15
1028115 1988994 148913 0.16
1028513 2000997 149007 0.15
1029040 2012571 149178 0.16
1054180 2470149 149262 0.10
1029040 2012652 149265 0.15
1028425 2014987 149408 0.16
1027922 2002339 149495 0.15
1054630 2473062 149572 0.10
1080594 2504293 149628 0.6
1027526 1999686 149697 0.16
1028960 2012652 149791 0.15
1028619 2005837 149885 0.16
1028619 2005837 149972 0.15
1028191 1994907 150146 0.16
1027623 1980443 150233 0.15
1027292 1993805 150477 0.16
1027338 1971298 150571 0.15
1053689 2476212 150589 0.10
1028267 2007201 150714 0.16
1028267 2007201 150801 0.15
1080995 2519619 150840 0.6
1028240 2012086 151003 0.16
1028160 2011924 151097 0.15
1027372 1991837 151184 0.16
1054898 2497853 151327 0.10
1028068 2009562 151358 0.15
1027391 1994104 151452 0.16
1026823 1979646 151539 0.15
1027951 2004883 151783 0.16
1027686 2000008 151877 0.15
1054359 2502992 151895 0.10
1027985 1995233 152013 0.16
1080551 2527423 152073 0.6
1029409 2031510 152100 0.15
1026802 1973550 152309 0.16
1027846 2000169 152396 0.15
1027899 2005353 152490 0.16
1026225 1962686 152577 0.15
1053844 2504205 152633 0.10
1027391 1994264 152758 0.16
1027391 1994264 152845 0.15
1028031 2004963 153089 0.16
1028521 2015394 153183 0.15
1054145 2504849 153194 0.10
1079881 2544059 153285 0.6
1029197 2028961 153340 0.16
1027825 1993979 153427 0.15
1028400 2012409 153615 0.16
1027926 2000330 153702 0.15
1027372 1991837 153810 0.16
1027372 1991837 153897 0.15
1053323 2506335 153939 0.10
1027481 1976668 154099 0.16
1029131 2018725 154186 0.15
1027264 1983514 154395 0.16
1027612 1994206 154489 0.15
1055730 2561815 154521 0.10
1001411 1005269 154551 0.19
1028449 2008932 154646 0.16
1079961 2561153 154678 0.6
1026989 1971730 154733 0.15
1028006 1999525 154914 0.16
1028006 2000571 155008 0.15
1027791 1995067 155095 0.16
1028497 2013086 155269 0.15
1054525 2531362 155280 0.10
1027372 1991837 155384 0.16
1028554 2021951 155471 0.15
1027893 1997684 155788 0.16
1054356 2542205 155827 0.10
1027618 1992540 155882 0.15
1028629 2018312 155969 0.16
1080115 2580444 155998 0.6
1028125 1999601 156143 0.15
1027383 1980682 156230 0.16
1001891 1005758 156264 0.19
1027715 1989154 156404 0.15
1027715 1989154 156491 0.16
1053988 2548049 156652 0.10
1027715 1989154 156665 0.15
1027319 1986575 156773 0.16
1028181 2008522 156860 0.15
1053935 2541756 157063 0.10
1028431 2004399 157090 0.16
1028166 2000652 157184 0.15
1080223 2592913 157196 0.6
1055339 2554616 157331 0.11
1028869 2018556 157358 0.16
1028125 1998555 157532 0.15
1026683 1961805 157619 0.16
1027060 1971406 157793 0.15
1027715 1988113 157880 0.16
1053591 2548058 157954 0.10
1027715 1988113 158054 0.15
1028790 2024220 158162 0.16
1028166 1999686 158399 0.16
1053809 2551971 158452 0.10
1026817 1968218 158493 0.16
1080283 2607482 158592 0.6
1027087 1975103 158667 0.16
1055290 2566875 158720 0.11
1028950 2024383 158855 0.16
1027503 1998932 159064 0.16
1053767 2566987 159256 0.10
1027494 1980749 159266 0.16
1029392 2035793 159374 0.16
1028825 2021355 159548 0.16
1054596 2585325 159587 0.10
1027555 1988994 159722 0.16
1055126 2573815 159768 0.11
1027320 1967168 159931 0.16
1080025 2616785 159981 0.6
1029143 1998116 160140 0.16
1053484 2575679 160158 0.10
1028588 1990839 160248 0.16
1027193 1950340 160422 0.16
1054895 2578513 160475 0.11
1054070 2584175 160642 0.10
1029673 2013446 160683 0.16
1080161 2635183 160956 0.6
1002608 1007876 160987 0.19
1028766 2007293 161000 0.16
1054910 2594742 161025 0.10
1029067 2015785 161279 0.16
1056131 2590238 161349 0.11
1030422 2032697 161471 0.16
1055510 2599036 161516 0.10
1029288 2005740 161736 0.16
1081166 2645731 161823 0.6
1029282 2003628 162081 0.16
1054959 2602440 162164 0.10
1028870 1993106 162339 0.16
1056310 2602042 162593 0.11
1029733 2024686 162604 0.16
1003141 1010849 162643 0.19
1081322 2657869 162784 0.6
1055312 2605853 162844 0.10
1029733 2024849 162862 0.16
1027566 1984472 163127 0.16
1030133 2024360 163385 0.16
1055597 2616263 163454 0.10
1028242 2002581 163737 0.16
1056491 2623358 163984 0.11
1028800 1991240 164009 0.16
1081785 2677208 164196 0.6
1055061 2618512 164235 0.10
1030592 2036940 164267 0.16
1029973 2024849 164532 0.16
1081151 2674809 164719 0.7
1028446 1986149 164790 0.16
1055006 2619782 164845 0.10
1029653 2023871 165055 0.16
1029733 2023953 165313 0.16
1057092 2640256 165403 0.11
1029595 2010565 165487 0.17
1081248 2689483 165507 0.6
1029206 2000652 165574 0.16
1056031 2641368 165654 0.10
1029569 2010049 165748 0.17
1028755 1989314 165835 0.16
1029233 2001722 166016 0.17
1027803 1963306 166103 0.16
1080849 2688574 166138 0.7
1055365 2643811 166177 0.10
1027803 1963306 166277 0.17
1029313 2002366 166364 0.16
1028755 1990194 166538 0.17
1028755 1989234 166625 0.16
1056201 2641560 166675 0.11
1027795 1988273 166799 0.17
1027795 1988353 166886 0.16
1081688 2709705 166926 0.6
1055791 2650071 166929 0.10
1027795 1988593 167060 0.17
1029725 2027993 167147 0.16
1029725 2028646 167321 0.17
1028195 1989634 167408 0.16
1081951 2715633 167414 0.7
1054718 2625548 167458 0.10
1028835 1989394 167582 0.17
1028915 1989474 167669 0.16
1028915 1989794 167843 0.17
1028915 1989794 167930 0.16
1055033 2639366 167987 0.11
1028195 1989074 168104 0.17
1028195 1989634 168191 0.16
1081993 2721318 168204 0.6
1054058 2633188 168241 0.10
1028675 1989074 168365 0.17
1028755 1989314 168452 0.16
1027875 1988433 168626 0.17
1027875 1988433 168713 0.16
1081451 2716415 168726 0.7
1055355 2653263 168763 0.10
1027875 1988753 168887 0.17
1028275 1989154 168974 0.16
1028275 1989794 169148 0.17
1028275 1989794 169235 0.16
1055338 2652452 169292 0.11
1028835 1989314 169409 0.17
1028995 1989474 169496 0.16
1081697 2733661 169509 0.6
1055437 2663249 169546 0.10
1028995 1989874 169670 0.17
1028995 1989874 169757 0.16
1028593 2001077 169938 0.17
1028593 2001722 170025 0.16
1080569 2733005 170031 0.7
1054579 2663460 170068 0.10
1029537 2014139 170206 0.17
1028127 1976216 170293 0.16
1029233 2002446 170467 0.17
1029233 2002446 170554 0.16
1056420 2672181 170597 0.11
1028915 1989714 170728 0.17
1080289 2736225 170814 0.6
1029565 2027830 170815 0.16
1055007 2664904 170851 0.10
1028035 1989474 170989 0.17
1028035 1989634 171076 0.16
1028675 1990274 171250 0.17
1080779 2735176 171336 0.7
1028835 1990434 171337 0.16
1028835 1989794 171511 0.17
1028835 1989794 171598 0.16
1056280 2712259 171648 0.10
1028115 1989074 171772 0.17
1028115 1989474 171859 0.16
1055307 2684032 171916 0.11
1027563 1963859 172040 0.17
1080416 2751108 172126 0.6
1029153 2002446 172127 0.16
1029313 2002607 172301 0.17
1029313 2002607 172388 0.16
1080854 2752118 172394 0.7
1054896 2684251 172431 0.10
1030525 2028973 172562 0.17
1028195 1989154 172649 0.16
1028195 1989554 172823 0.17
1028195 1989794 172910 0.16
1054176 2688014 172953 0.10
1028675 1990274 173084 0.17
1028915 1990514 173171 0.16
1080929 2764215 173177 0.6
1056235 2702570 173228 0.11
1028915 1989874 173345 0.17
1028915 1989874 173432 0.16
1028275 1989234 173606 0.17
1028275 1989554 173693 0.16
1081577 2779716 173699 0.7
1054870 2712559 173743 0.10
1028675 1990354 173867 0.17
1028755 1989474 173954 0.16
1028915 1989634 174128 0.17
1028915 1989634 174215 0.16
1055590 2720049 174265 0.10
1029075 1990434 174389 0.17
1028275 1989634 174476 0.16
1081203 2783247 174489 0.6
1056138 2707906 174533 0.11
1028275 1989714 174650 0.17
1028275 1989794 174737 0.16
1030285 2028483 174911 0.17
1029075 1989794 174998 0.16
1080860 2786399 175011 0.7
1054870 2708065 175048 0.10
1028115 1989474 175172 0.17
1029645 2028483 175259 0.16
1028675 1990034 175433 0.17
1028675 1990034 175520 0.16
1053996 2707482 175570 0.10
1028675 1990354 175694 0.17
1028835 1989554 175781 0.16
1080529 2797088 175794 0.6
1055608 2719929 175838 0.11
1028447 1976613 175969 0.17
1029937 2014706 176056 0.16
1030097 2014382 176230 0.17
1081100 2802186 176316 0.7
1027967 1975739 176317 0.16
1054127 2723651 176353 0.10
1028515 1989794 176491 0.17
1028515 1989954 176578 0.16
1028595 1990274 176752 0.17
1028995 1990674 176839 0.16
1055219 2736257 176875 0.10
1028995 1990274 177013 0.17
1080416 2812146 177099 0.6
1028995 1990274 177100 0.16
1056267 2739795 177157 0.11
1028515 1989794 177274 0.17
1028515 1989794 177361 0.16
1028595 1990274 177535 0.17
1081209 2825611 177621 0.7
1028595 1990274 177622 0.16
1054704 2741664 177672 0.10
1029075 1990754 177796 0.17
1029075 1990834 177883 0.16
1029633 2002446 178064 0.17
1028993 2001802 178151 0.16
1055424 2749945 178194 0.10
1028993 2001883 178325 0.17
1028993 2002124 178412 0.16
1080923 2832507 178418 0.6
1055787 2753194 178462 0.11
1028595 1990274 178586 0.17
1028915 1990594 178673 0.16
1028915 1990114 178847 0.17
1028915 1990114 178934 0.16
1081340 2838523 178940 0.7
1055344 2758530 178977 0.10
1028515 1989714 179108 0.17
1028515 1989714 179195 0.16
1028595 1990354 179369 0.17
1028595 1990354 179456 0.16
1055190 2774660 179506 0.10
1028995 1990754 179630 0.17
1028995 1990754 179717 0.16
1080824 2841003 179723 0.6
1056058 2764241 179774 0.11
1029235 1990994 179891 0.17
1030125 2029381 179978 0.16
1030125 2029381 180152 0.17
1028595 1990354 180239 0.16
1080513 2844735 180252 0.7
1054378 2760344 180289 0.10
1028675 1990434 180413 0.17
1029075 1990834 180500 0.16
1029075 1990834 180674 0.17
1029075 1990834 180761 0.16
1055115 2773168 180811 0.10
1029075 1990834 180935 0.17
1029075 1990834 181022 0.16
1081411 2859201 181035 0.6
1055738 2778105 181079 0.11
1029075 1990834 181196 0.17
1029075 1990834 181283 0.16
1029075 1990834 181457 0.17
1029075 1990834 181544 0.16
1080940 2866615 181557 0.7
1055087 2779197 181594 0.10
1029075 1990834 181718 0.17
1029075 1990914 181805 0.16
1029075 1989954 181979 0.17
1029075 1989954 182066 0.16
1055379 2792921 182116 0.10
1029151 1996673 182167 0.17
1029151 1996673 182254 0.16
1080896 2877916 182340 0.6
1056500 2799296 182384 0.11
1029151 1996673 182428 0.17
1029151 1996673 182515 0.16
1028915 1990674 182689 0.17
1028915 1990674 182776 0.16
1081609 2890052 182862 0.7
1055597 2805608 182899 0.10
1029075 1990834 182950 0.17
1029075 1990834 183037 0.16
1029075 1990834 183211 0.17
1030605 2029870 183298 0.16
1030605 2029870 183472 0.17
1029075 1990834 183559 0.16
1055984 2800418 183616 0.11
1081376 2894759 183645 0.6
1029075 1990834 183733 0.17
1029075 1990834 183820 0.16
1055072 2805110 183870 0.10
1029075 1990834 183994 0.17
1029075 1990834 184081 0.16
1029473 2002849 184262 0.17
1027963 1964333 184349 0.16
1081240 2901384 184355 0.7
1055328 2813461 184392 0.10
1027963 1964333 184523 0.17
1029473 2002849 184610 0.16
1028995 1990674 184784 0.17
1030525 2029707 184871 0.16
1056144 2814913 184921 0.11
1030525 2029707 185045 0.17
1028995 1990674 185132 0.16
1081142 2904771 185138 0.6
1055481 2825235 185175 0.10
1028995 1990674 185306 0.17
1028995 1990674 185393 0.16
1028995 1990674 185567 0.17
1028995 1990674 185654 0.16
1081400 2917107 185660 0.7
1054858 2815730 185704 0.10
1028995 1990674 185828 0.17
1028995 1990674 185915 0.16
1028995 1990674 186089 0.17
1028995 1990674 186176 0.16
1056548 2840766 186233 0.11
1028995 1990674 186350 0.17
1028995 1990674 186437 0.16
1081164 2923161 186450 0.6
1054858 2824441 186487 0.10
1028995 1990674 186611 0.17
1028995 1990674 186698 0.16
1028995 1990674 186872 0.17
1028995 1990674 186959 0.16
1081180 2930082 186972 0.7
1055115 2836863 187009 0.10
1028995 1990674 187133 0.17
1029913 2014175 187307 0.17
1028995 1990754 187481 0.17
1056138 2843976 187538 0.11
1028995 1990754 187655 0.17
1081488 2945855 187755 0.6
1055517 2855555 187792 0.10
1028024 1969734 187843 0.17
1028024 1969734 188017 0.17
1031131 2048976 188191 0.17
1055007 2847068 188227 0.10
1081180 2945388 188277 0.7
1031131 2048976 188365 0.17
1028915 1990514 188539 0.17
1055779 2847454 188582 0.11
1028915 1990514 188713 0.17
1055619 2872752 188749 0.10
1028915 1990514 188887 0.17
1081296 2957882 189060 0.6
1027297 1951108 189068 0.17
1053765 2831161 189111 0.10
1027297 1951108 189242 0.17
1081019 2958159 189408 0.7
1028835 1990354 189416 0.17
1056280 2877061 189466 0.11
1028835 1990354 189590 0.17
1055004 2870706 189633 0.10
1028835 1990354 189764 0.17
1031131 2048894 189938 0.17
1081100 2971976 189944 0.6
1055311 2884643 189981 0.10
1031131 2048894 190112 0.17
1028835 1990354 190286 0.17
1080947 2975122 190292 0.7
1056427 2896279 190343 0.11
1028835 1990434 190460 0.17
1055231 2892274 190510 0.10
1028835 1990514 190634 0.17
1028835 1990514 190808 0.17
1080997 2984290 190814 0.6
1055231 2895568 190858 0.10
1028835 1990514 190982 0.17
1028835 1990514 191156 0.17
1081576 3005769 191169 0.7
1056042 2894558 191213 0.11
1028835 1990514 191330 0.17
1054996 2893447 191380 0.10
1028915 1990594 191504 0.17
1081339 3007149 191691 0.6
1027944 1969576 191692 0.17
1054847 2892689 191728 0.10
1028024 1969655 191866 0.17
1081100 3005013 192039 0.7
1028835 1990354 192040 0.17
1055848 2896971 192083 0.11
1028835 1990354 192214 0.17
1054847 2898131 192250 0.10
1028835 1990354 192388 0.17
1081020 3009897 192561 0.6
1028835 1990354 192562 0.17
1054927 2901493 192598 0.10
1028835 1990354 192736 0.17
1080859 3010503 192909 0.7
1028835 1990354 192910 0.17
1056235 2917137 192967 0.11
1028835 1990354 193084 0.17
1056103 2941623 193134 0.10
1029467 2008332 193265 0.17
1081020 3019754 193431 0.6
1029467 2008332 193439 0.17
1055231 2920551 193482 0.10
1028755 1990194 193613 0.17
1028755 1990194 193787 0.17
1081339 3032213 193793 0.7
1056235 2924929 193837 0.11
1028755 1990194 193961 0.17
1055231 2926094 194004 0.10
1028755 1990194 194135 0.17
1028755 1990194 194309 0.17
1081180 3035097 194315 0.6
1028755 1990194 194483 0.17
1055088 2929532 194533 0.10
1028755 1990274 194657 0.17
1081339 3043379 194663 0.7
1055962 2928075 194714 0.11
1031051 2048812 194831 0.17
1031051 2048812 195005 0.17
1055088 2933948 195055 0.10
1028755 1990274 195179 0.17
1081180 3045126 195185 0.6
1028755 1990274 195353 0.17
1081047 3046931 195366 0.7
1054916 2932561 195403 0.10
1028755 1990274 195527 0.17
1055962 2937056 195584 0.11
1028835 1990354 195701 0.17
1081293 3059438 195888 0.6
1027864 1969259 195889 0.17
1054767 2933908 195925 0.10
1027864 1969259 196063 0.17
1081047 3058239 196236 0.7
1028675 1989954 196237 0.17
1054767 2937189 196273 0.10
1028675 1989954 196411 0.17
1055768 2939230 196454 0.11
1028675 1990194 196585 0.17
1080952 3061534 196758 0.6
1028675 1990194 196759 0.17
1054847 2941591 196795 0.10
1028675 1990194 196933 0.17
1080779 3061887 197106 0.7
1029307 2008170 197114 0.17
1056547 2996941 197157 0.10
1029307 2008170 197288 0.17
1056075 2958347 197338 0.11
1028595 1990034 197462 0.17
1080952 3072433 197628 0.6
1028595 1990034 197636 0.17
1055071 2960878 197679 0.10
1028755 1990194 197810 0.17
1028755 1990194 197984 0.17
1081179 3083545 197990 0.7
1055071 2964171 198027 0.10
1028755 1990194 198158 0.17
1056187 2971365 198215 0.11
1028755 1990194 198332 0.17
1028755 1990194 198506 0.17
1081020 3085404 198512 0.6
1054991 2968349 198556 0.10
1028755 1990194 198680 0.17
1028755 1990194 198854 0.17
1081179 3093747 198860 0.7
1055151 2971803 198904 0.10
1028755 1990194 199028 0.17
1055962 2969611 199085 0.11
1028755 1990194 199202 0.17
1028755 1990194 199376 0.17
1081099 3100174 199389 0.6
1054916 2970552 199426 0.10
1028755 1990194 199550 0.17
1028755 1990194 199724 0.17
1081020 3099230 199737 0.7
1054767 2969604 199774 0.10
1031051 2048729 199898 0.17
1055768 2971885 199955 0.11
1031051 2048729 200072 0.17
1026075 1925525 200173 0.17
1081259 3110376 200259 0.6
1054767 2974166 200296 0.10
1028979 1999583 200347 0.17
1030328 2041639 200542 0.17
1081020 3109013 200607 0.7
1029063 1998116 200765 0.17
1054767 2979609 200818 0.10
1027744 1966353 200946 0.17
1055768 2981730 200999 0.11
1028492 1994848 201061 0.17
1080940 3113833 201129 0.6
1028412 1994688 201242 0.17
1029183 2001185 201458 0.17
1080779 3114311 201477 0.7
1054392 2987816 201636 0.10
1029183 2001105 201639 0.17
1026765 1948763 201761 0.17
1029434 2007500 201984 0.17
1031267 2056135 202078 0.17
1055470 2995394 202162 0.11
1080680 3122898 202274 0.6
1029321 2015799 202287 0.17
1054494 2999375 202336 0.10
1029583 2000783 202475 0.17
1029103 2001105 202684 0.17
1054776 3007472 202855 0.10
1027800 1967880 202858 0.17
1080952 3133994 202866 0.7
1030992 2036858 202994 0.17
1029354 2007500 203203 0.17
1027005 1949468 203297 0.17
1056004 3022454 203388 0.11
1029241 2015880 203506 0.17
1081016 3143146 203559 0.6
1055629 3017188 203569 0.10
1028623 1999898 203694 0.17
1029263 2001185 203903 0.17
1030046 2021148 204077 0.17
1055629 3022654 204088 0.10
1081198 3154605 204179 0.7
1027455 1970123 204213 0.17
1029514 2007581 204422 0.17
1029801 2016773 204516 0.17
1055701 3026999 204607 0.11
1028572 1994929 204718 0.17
1081356 3166484 204785 0.6
1054899 3034935 204788 0.10
1027984 1983673 204906 0.17
1029801 2016773 205122 0.17
1030592 2036940 205296 0.17
1054940 3040563 205307 0.10
1081471 3177572 205398 0.7
1027375 1970043 205432 0.17
1029434 2007500 205641 0.17
1030432 2036613 205742 0.17
1055584 3031492 205819 0.11
1027375 1970043 205951 0.17
1054873 3045314 206000 0.10
1081421 3177525 206004 0.6
1028534 1982663 206153 0.17
1029966 2021066 206334 0.17
1027864 1973109 206442 0.17
1054860 3052491 206526 0.10
1081765 3193065 206617 0.7
1029434 2007581 206679 0.17
1028983 1997956 206860 0.17
1026953 1949948 206961 0.17
1056060 3063432 207052 0.11
1002786 1006930 207160 0.18
1081514 3194611 207223 0.6
1054194 3019666 207247 0.10
1002546 1006690 207700 0.18
1055229 3057544 207773 0.10
1081229 3198800 207843 0.7
1055928 3072903 208184 0.11
1055264 3061947 208292 0.10
1081191 3207452 208543 0.6
1055988 3091646 208571 0.10
1055657 3074677 208801 0.11
1056373 3107412 208916 0.10
1081149 3210942 209062 0.7
1055786 3093671 209261 0.10
1081219 3223749 209421 0.6
1055396 3073674 209498 0.11
1054727 3064797 209613 0.10
1081634 3237987 209679 0.7
1054366 3067800 209916 0.10
1081164 3232864 210031 0.6
1054624 3075396 210090 0.12
1055731 3079355 210184 0.11
1054053 3058624 210264 0.10
1081008 3233436 210376 0.7
1054471 3077307 210452 0.12
1054319 3072848 210539 0.10
1054273 3064766 210713 0.12
1055959 3085657 210807 0.11
1081382 3245118 210808 0.6
1054489 3071115 210887 0.10
1081019 3246385 211010 0.7
1053173 3032426 211061 0.12
1054594 3074186 211148 0.10
1055378 3099350 211329 0.12
1080764 3247548 211372 0.6
1054923 3057578 211423 0.11
1054446 3072118 211590 0.10
1081319 3257858 211633 0.7
1055378 3099512 211677 0.12
1054446 3072118 211851 0.10
1053093 3032347 211938 0.12
1081072 3254053 211981 0.6
1055245 3067124 212032 0.11
1054491 3073513 212199 0.10
1079662 3221291 212242 0.7
1053093 3032426 212286 0.12
1053967 3058125 212460 0.10
1080537 3247182 212510 0.6
1054842 3084953 212547 0.12
1054968 3060246 212641 0.11
1079764 3230294 212771 0.7
1053411 3042886 212808 0.10
1054842 3084953 212895 0.12
1053967 3059405 213069 0.10
1080220 3243884 213119 0.6
1054033 3065488 213170 0.12
1054487 3050496 213264 0.11
1080934 3263992 213380 0.7
1053845 3028143 213431 0.10
1055153 3066611 213518 0.12
1055474 3076117 213692 0.10
1080220 3249577 213728 0.6
1054053 3034331 213779 0.12
1056560 3077445 213873 0.11
1079979 3245731 213989 0.7
1055554 3076439 214040 0.10
1054133 3034649 214127 0.12
1055564 3078841 214308 0.12
1079915 3249878 214351 0.6
1055406 3074209 214395 0.10
1056205 3069211 214489 0.11
1080542 3240840 214612 0.7
1055644 3079002 214656 0.12
1055486 3075495 214743 0.10
1055882 3087133 214917 0.12
1081115 3255645 214960 0.6
1055221 3068746 215004 0.10
1056285 3071538 215098 0.11
1081958 3280675 215228 0.7
1055882 3088262 215265 0.12
1054531 3046229 215352 0.10
1054213 3037109 215526 0.12
1081262 3265664 215576 0.6
1055087 3062847 215613 0.10
1056168 3063928 215707 0.11
1081363 3269631 215837 0.7
1056042 3089796 215874 0.12
1055724 3080433 215961 0.10
1055233 3070140 216149 0.12
1080886 3261029 216185 0.6
1056132 3068349 216243 0.11
1053925 3031865 216323 0.10
1081099 3266781 216446 0.7
1055313 3070461 216497 0.12
1055634 3079899 216584 0.10
1056042 3089634 216758 0.12
1081772 3283991 216794 0.6
1057231 3095907 216852 0.11
1055274 3067030 216932 0.10
1081702 3289007 217069 0.7
1054769 3054206 217113 0.12
1054769 3054206 217200 0.10
1054769 3054286 217374 0.12
1081195 3276871 217417 0.6
1056365 3072742 217468 0.11
1054769 3054286 217548 0.10
1081782 3293834 217678 0.7
1054213 3037902 217722 0.12
1055672 3080868 217809 0.10
1055962 3089392 217983 0.12
1081422 3286686 218033 0.6
1056365 3072742 218077 0.11
1055644 3081318 218157 0.10
1081443 3289612 218294 0.7
1055962 3090684 218331 0.12
1056311 3100986 218418 0.10
1055962 3090684 218592 0.12
1081422 3291340 218642 0.6
1056168 3067049 218686 0.11
1055724 3082445 218766 0.10
1080356 3266576 218903 0.7
1055233 3072226 218954 0.12
1055519 3080650 219041 0.10
1055233 3073429 219215 0.12
1081692 3303770 219251 0.6
1055687 3058714 219309 0.11
1055554 3082956 219389 0.10
1081099 3291032 219512 0.7
1056042 3092782 219563 0.12
1003090 1006933 219578 0.18
1054849 3057956 219650 0.10
1054769 3057956 219831 0.12
1081838 3314566 219874 0.6
1056043 3066618 219925 0.11
1054769 3057876 220005 0.10
1081702 3314512 220135 0.7
1055233 3073750 220186 0.12
1055233 3073429 220273 0.10
1054689 3057398 220447 0.12
1081275 3302501 220483 0.6
1056560 3084445 220541 0.11
1054759 3059701 220621 0.10
1081044 3300426 220751 0.7
1054133 3041156 220795 0.12
1055391 3078725 220882 0.10
1055882 3093266 221056 0.12
1080702 3293981 221099 0.6
1056285 3076112 221150 0.11
1055564 3083893 221230 0.10
1081702 3323845 221367 0.7
1055962 3093347 221404 0.12
1055087 3067169 221491 0.10
1081702 3326339 221715 0.6
1054376 3051463 221766 0.12
1056036 3072518 221860 0.11
1055241 3077053 221940 0.10
1081363 3319465 221976 0.7
1054930 3066584 222121 0.12
1054739 3063058 222215 0.10
1056183 3105654 222302 0.12
1081443 3321712 222324 0.6
1056544 3088753 222483 0.11
1054739 3064176 222563 0.10
1057223 3107679 222657 0.12
1081073 3319805 222686 0.7
1057378 3113384 222831 0.10
1055649 3062424 222918 0.12
1081051 3321566 223034 0.6
1056923 3070539 223099 0.11
1057378 3112491 223179 0.10
1055093 3045045 223266 0.12
1081187 3327294 223396 0.7
1056286 3080244 223440 0.10
1056842 3096656 223527 0.12
1057245 3079964 223708 0.11
1081883 3322672 223751 0.6
1054371 3053394 223788 0.10
1055802 3095607 223875 0.12
1082429 3339123 224012 0.7
1054927 3069810 224049 0.10
1054133 3044093 224136 0.12
1056008 3070891 224317 0.11
1082271 3336286 224360 0.6
1055564 3086307 224397 0.10
1056193 3079364 224498 0.12
1082323 3339768 224621 0.7
1056479 3087809 224672 0.10
1055233 3078402 224759 0.12
1055687 3063422 224940 0.11
1081231 3339656 224969 0.6
1055554 3087945 225020 0.10
1054133 3045998 225107 0.12
1081019 3334412 225230 0.7
1055554 3087945 225281 0.10
1055882 3098755 225368 0.12
1056751 3097770 225556 0.11
1082075 3341828 225592 0.6
1055564 3091484 225636 0.12
1055799 3066488 225810 0.10
1081702 3358120 225853 0.7
1059383 3112863 225904 0.12
1057576 3059583 225991 0.10
1059680 3093134 226172 0.11
1081115 3345433 226201 0.6
1059538 3117440 226252 0.12
1058212 3078470 226339 0.10
1081702 3363832 226462 0.7
1057253 3050204 226513 0.12
1059227 3108335 226600 0.10
1081656 3366632 226730 0.6
1058365 3083896 226781 0.11
1056213 3049093 226861 0.12
1057644 3091296 226948 0.10
1084822 3371234 227085 0.7
1057962 3100692 227122 0.12
1057087 3075013 227209 0.10
1059405 3085180 227397 0.11
1084822 3373407 227433 0.6
1058273 3082252 227484 0.12
1057677 3064709 227658 0.10
1083742 3347921 227694 0.7
1057573 3064088 227759 0.12
1059393 3084098 227853 0.11
1057793 3068282 227933 0.10
1082913 3354484 228042 0.6
1058193 3082412 228107 0.12
1059034 3099920 228194 0.10
1083099 3361464 228303 0.7
1059162 3101418 228368 0.12
1058996 3075364 228462 0.11
1059049 3098166 228542 0.10
1084623 3379168 228578 0.6
1059242 3101579 228716 0.12
1058127 3075493 228803 0.10
1057729 3065856 228984 0.12
1084983 3385943 229027 0.7
1059565 3084619 229078 0.11
1058846 3089727 229245 0.10
1083370 3350965 229288 0.6
1057809 3065935 229332 0.12
1058686 3089566 229506 0.10
1059322 3101499 229593 0.12
1083824 3365049 229636 0.7
1059485 3084538 229687 0.11
1058089 3071925 229854 0.10
1084442 3376854 229897 0.6
1058753 3082092 229955 0.12
1058084 3062316 230129 0.10
1083924 3369408 230165 0.7
1058273 3081610 230216 0.12
1059207 3067012 230310 0.11
1084983 3393139 230426 0.6
1058752 3079778 230477 0.10
1059002 3100853 230564 0.12
1058889 3097521 230738 0.10
1085414 3404520 230774 0.7
1057253 3049172 230825 0.12
1059680 3092169 230919 0.11
1084776 3399789 231049 0.6
1059002 3100853 231086 0.10
1057253 3049172 231173 0.12
1057729 3065217 231354 0.10
1084822 3401164 231397 0.7
1059458 3116304 231441 0.12
1059325 3083736 231535 0.11
1084100 3384698 231658 0.6
1057729 3065217 231702 0.10
1058193 3081049 231796 0.12
1056591 3033691 231970 0.12
1083742 3377524 232006 0.7
1059092 3079007 232064 0.11
1059191 3110541 232231 0.12
1084235 3392529 232267 0.6
1059191 3110541 232405 0.12
1059878 3102021 232499 0.11
1084403 3400917 232622 0.7
1059191 3110541 232666 0.12
1058121 3085402 232854 0.12
1084662 3411704 232890 0.6
1059577 3099657 232948 0.11
1058121 3085402 233115 0.12
1084133 3400053 233151 0.7
1059031 3112323 233289 0.12
1084775 3418984 233325 0.6
1058360 3064029 233383 0.11
1056583 3039943 233550 0.12
1083725 3393802 233586 0.7
1058009 3082088 233724 0.10
1084044 3404301 233760 0.6
1057807 3076133 233811 0.12
1058246 3060678 233905 0.11
1084771 3431379 234035 0.7
1057807 3076133 234072 0.12
1084211 3418877 234209 0.6
1056583 3039943 234246 0.12
1059370 3093589 234340 0.11
1084771 3435733 234470 0.7
1005773 1008947 234501 0.19
1059031 3112323 234507 0.12
1084299 3425759 234644 0.6
1059031 3112323 234681 0.12
1058808 3077134 234775 0.11
1056583 3039943 234942 0.12
1084515 3433593 234992 0.7
1056583 3039943 235116 0.12
1083915 3420002 235166 0.6
1058808 3077134 235210 0.11
1059031 3112323 235377 0.12
1083124 3401444 235427 0.7
1059614 3133940 235558 0.12
1083819 3421892 235601 0.6
1059035 3088164 235652 0.11
1057204 3062714 235819 0.12
1083819 3424053 235862 0.7
1056423 3039627 235993 0.12
1083819 3426374 236036 0.6
1059035 3088164 236087 0.11
1058871 3111999 236254 0.12
1083819 3428535 236297 0.7
1058871 3111999 236428 0.12
1083309 3417242 236471 0.6
1059210 3093267 236609 0.11
1084139 3447529 236739 0.7
1057647 3075813 236776 0.12
1084139 3449698 236913 0.6
1057647 3075813 236950 0.12
1058086 3060360 237044 0.11
1084139 3451867 237174 0.7
1058921 3085563 237225 0.12
1084139 3454036 237348 0.6
1058921 3085563 237399 0.12
1059160 3064188 237493 0.11
1082964 3424053 237696 0.7
1058607 3076293 237747 0.12
1083845 3448492 237870 0.6
1058209 3066653 238015 0.12
1059866 3093433 238123 0.11
1084355 3463043 238131 0.7
1084902 3452424 238319 0.7
1059178 3097408 238367 0.12
1085805 3476338 238580 0.6
1059150 3096575 238625 0.12
1060025 3097932 238733 0.11
1085805 3476338 238841 0.7
1059070 3096334 238977 0.12
1060816 3147939 239235 0.12
1084189 3456461 239259 0.6
1059917 3096858 239343 0.11
1085062 3481461 239524 0.7
1060286 3132441 239580 0.12
1058990 3096253 239845 0.12
1084555 3468011 239869 0.6
1060718 3122421 239953 0.11
1084272 3462394 240134 0.7
1058990 3096253 240190 0.12
1058910 3096011 240455 0.12
1084607 3471267 240479 0.6
1060638 3122177 240563 0.11
1084115 3458259 240737 0.7
1059447 3111739 240807 0.12
1059367 3111496 241072 0.12
1084377 3467069 241089 0.6
1059757 3096374 241173 0.11
1085133 3487077 241347 0.7
1058830 3095609 241417 0.12
1058360 3079432 241675 0.12
1084377 3466908 241699 0.6
1059677 3096132 241783 0.11
1086009 3485268 241971 0.7
1058830 3095447 242027 0.12
1058830 3095447 242285 0.12
1085929 3485025 242323 0.6
1059597 3095891 242393 0.11
1059207 3110848 242644 0.12
1059653 3126132 242909 0.12
1083875 3461804 242926 0.7
1059710 3103396 243010 0.11
1058803 3105417 243090 0.13
1057578 3069242 243177 0.12
1085397 3476591 243191 0.6
1058846 3102309 243428 0.13
1057524 3063230 243515 0.12
1059371 3095585 243623 0.11
1057837 3079015 243703 0.13
1057837 3079015 243790 0.12
1085387 3484313 243815 0.7
1057132 3068760 243992 0.13
1059020 3124556 244079 0.12
1059793 3086768 244173 0.11
1084974 3482092 244271 0.6
1059964 3105648 244382 0.13
1060364 3119594 244476 0.12
1059742 3103319 244570 0.13
1057899 3048875 244657 0.12
1060224 3090985 244845 0.11
1084816 3481956 244884 0.7
1058252 3069879 244946 0.13
1057645 3051942 245033 0.12
1060044 3105729 245249 0.13
1084962 3468063 245260 0.6
1060364 3119594 245343 0.12
1060645 3103319 245451 0.11
1058405 3065946 245531 0.13
1060225 3119734 245618 0.12
1085364 3471288 245751 0.7
1058764 3087135 245820 0.13
1058172 3069639 245907 0.12
1060351 3105217 246001 0.11
1085280 3479886 246127 0.6
1059964 3105487 246210 0.13
1058732 3073478 246304 0.12
1057819 3048637 246398 0.13
1059662 3103077 246485 0.12
1059947 3082886 246666 0.11
1084992 3466660 246712 0.7
1058172 3069639 246774 0.13
1059477 3108216 246861 0.12
1059964 3103304 247077 0.13
1085151 3481642 247088 0.6
1058812 3070278 247171 0.12
1059537 3066565 247272 0.11
1059662 3097583 247352 0.13
1057819 3042128 247439 0.12
1084992 3469949 247579 0.7
1058172 3059893 247641 0.13
1059477 3097215 247728 0.12
1059421 3065967 247822 0.11
1084723 3471535 247955 0.6
1058812 3059396 248038 0.13
1060364 3104003 248125 0.12
1060145 3102922 248226 0.13
1058325 3048306 248313 0.12
1060144 3071034 248494 0.11
1085493 3478295 248533 0.7
1059980 3103083 248602 0.13
1058092 3046552 248689 0.12
1058315 3034053 248905 0.13
1084951 3468856 248909 0.6
1060284 3092635 248999 0.12
1059908 3058621 249107 0.11
1058245 3037211 249187 0.13
1060065 3089358 249274 0.12
1085640 3476347 249407 0.7
1059102 3070439 249483 0.13
1058524 3052508 249570 0.12
1059762 3059143 249664 0.11
1085137 3467849 249783 0.6
1059804 3067656 249866 0.13
1058235 3020835 249953 0.12
1059422 3062764 250061 0.13
1057579 3007920 250148 0.12
1060499 3063452 250242 0.11
1085060 3454006 250368 0.7
1057179 3004508 250444 0.13
1059022 3057029 250531 0.12
1059314 3042406 250733 0.13
1084887 3458225 250751 0.6
1059724 3055289 250827 0.12
1060223 3044567 250935 0.11
1058924 3033949 251015 0.13
1058924 3032824 251102 0.12
1057179 2993634 251311 0.13
1084611 3435167 251329 0.7
1058444 3029289 251398 0.12
1058939 3014542 251492 0.11
1084084 3431113 251625 0.6
1059314 3030337 251687 0.13
1059724 3043244 251781 0.12
1060296 3072235 251903 0.13
1058497 3019120 251990 0.12
1059902 3030506 252084 0.11
1084832 3431365 252196 0.7
1060614 3062346 252300 0.13
1058324 2995038 252387 0.12
1058222 2989955 252561 0.13
1084701 3438702 252579 0.6
1058653 3003347 252655 0.12
1060809 3038339 252756 0.11
1057405 2976731 252857 0.13
1059317 3030723 252944 0.12
1060081 3035906 253167 0.13
1084967 3434639 253171 0.7
1059535 3019065 253254 0.12
1060118 3006880 253348 0.11
1085989 3447406 253481 0.6
1059841 3024534 253515 0.13
1058653 2990295 253609 0.12
1057485 2962753 253724 0.13
1059397 3015354 253811 0.12
1059046 2975499 253905 0.11
1084967 3426911 254038 0.7
1058324 2965767 254121 0.13
1059535 2998247 254208 0.12
1058653 2970677 254389 0.13
1085086 3414956 254435 0.6
1058653 2968515 254476 0.12
1059658 2971410 254584 0.11
1059900 3009705 254685 0.13
1058012 2953804 254772 0.12
1085093 3412909 254992 0.7
1060001 2993648 254995 0.13
1060001 2991458 255082 0.12
1060303 2970284 255176 0.11
1085334 3403924 255302 0.6
1058222 2932267 255343 0.13
1058653 2944334 255437 0.12
1059397 2971188 255552 0.13
1057485 2914943 255639 0.12
1059982 2955822 255733 0.11
1085240 3399796 255866 0.7
1057921 2967288 255949 0.13
1056335 2948704 256036 0.12
1053213 2919271 256217 0.13
1085191 3381232 256263 0.6
1052173 2916068 256304 0.12
1052058 2917758 256412 0.11
1049292 2901398 256513 0.13
1048172 2898123 256600 0.12
1084592 3360292 256820 0.7
1045204 2884973 256823 0.13
1045841 2930546 256910 0.12
1044257 2885462 257004 0.11
1081217 3365145 257130 0.6
1040782 2869162 257171 0.13
1041695 2924100 257265 0.12
1040220 2920639 257387 0.13
1037212 2865210 257474 0.12
1038271 2895173 257568 0.11
1073632 3330372 257694 0.7
1035820 2907300 257735 0.13
1032205 2835443 257822 0.12
1029973 2827032 257996 0.13
1030682 2871639 258083 0.12
1069021 3328925 258091 0.6
1030051 2855273 258177 0.11
1025653 2814095 258344 0.13
1026282 2858402 258431 0.12
1024122 2851865 258605 0.13
1061780 3303094 258655 0.7
1021253 2801080 258692 0.12
1022088 2822537 258786 0.11
1058356 3290697 258916 0.6
1019722 2838628 258953 0.13
1016933 2788143 259040 0.12
1016442 2828701 259214 0.13
1054222 3285331 259264 0.8
1015402 2825473 259301 0.12
1015291 2823173 259395 0.11
1050379 3262368 259525 0.7
1012122 2815546 259562 0.13
1011002 2812236 259649 0.12
1008033 2787799 259837 0.13
1045902 3246522 259873 0.6
1006913 2784510 259924 0.12
1007200 2790776 260018 0.11
1043289 3254344 260134 0.8
1003633 2774644 260185 0.13
1002593 2771436 260272 0.12
999253 2735604 260446 0.13
1038744 3236764 260482 0.7
999962 2778742 260533 0.12
998647 2744891 260627 0.11
1035485 3228631 260743 0.6
994933 2722668 260794 0.13
995562 2765506 260881 0.12
993402 2758888 261055 0.13
1030635 3210792 261105 0.8
990533 2709652 261142 0.12
991368 2730414 261236 0.11
1028078 3219851 261366 0.7
989082 2745732 261403 0.13
986213 2696716 261490 0.12
984053 2690287 261664 0.13
1023120 3192226 261714 0.6
984682 2732496 261751 0.12
983688 2707444 261845 0.11
1019755 3181397 261975 0.8
979653 2677272 262012 0.13
980362 2719340 262099 0.12
978122 2712722 262273 0.13
1015355 3169382 262323 0.7
975333 2664335 262360 0.12
976088 2684553 262454 0.11
1012209 3163822 262584 0.6
973802 2699566 262621 0.13
972682 2696257 262708 0.12
970522 2689639 262882 0.13
1008024 3155139 262932 0.8
969402 2686330 262969 0.12
969371 2684110 263063 0.11
1004015 3128813 263193 0.7
966122 2676403 263230 0.13
963333 2628621 263317 0.12
961173 2622113 263491 0.13
1000572 3139751 263541 0.6
961802 2663247 263578 0.12
960808 2638772 263672 0.11
997144 3125603 263802 0.8
956773 2609098 263839 0.13
957402 2650011 263926 0.12
955242 2643473 264100 0.13
992744 3113563 264150 0.7
952453 2596161 264187 0.12
953208 2615882 264281 0.11
989346 3102017 264411 0.6
950922 2630318 264448 0.13
948053 2583146 264535 0.12
945893 2576717 264709 0.13
985144 3092856 264759 0.8
946522 2617081 264796 0.12
945608 2592991 264890 0.11
981864 3084027 265020 0.7
941493 2563701 265057 0.13
942202 2603926 265144 0.12
940418 2610265 265325 0.13
977099 3063407 265368 0.6
937649 2564282 265412 0.12
938125 2576567 265506 0.11
974184 3063240 265629 0.8
936098 2597042 265673 0.13
933249 2551196 265760 0.12
930533 2531003 265934 0.13
969864 3051201 265977 0.7
931162 2570593 266021 0.12
930525 2553697 266115 0.11
965972 3028197 266238 0.6
926133 2517988 266282 0.13
926842 2557437 266369 0.12
924682 2550819 266543 0.13
961606 3018447 266593 0.8
921813 2505051 266630 0.12
922568 2523999 266724 0.11
959132 3026626 266854 0.7
920282 2537582 266891 0.13
919162 2534273 266978 0.12
917002 2527736 267152 0.13
954732 3014566 267202 0.6
915962 2524427 267239 0.12
915851 2522127 267333 0.11
950726 2989104 267463 0.8
912682 2514580 267500 0.13
909813 2469337 267587 0.12
907653 2462909 267761 0.13
946406 2977190 267811 0.7
908282 2501344 267848 0.12
907368 2478218 267942 0.11
943852 2985059 268072 0.6
903253 2449893 268109 0.13
903962 2488188 268196 0.12
900449 2453051 268377 0.13
939224 2967729 268420 0.8
900554 2454303 268471 0.11
898663 2480068 268645 0.13
935944 2958981 268681 0.7
897214 2490108 268819 0.13
895274 2445044 268913 0.11
931495 2944025 269029 0.6
890743 2405521 269080 0.13
888583 2399035 269254 0.13
928344 2938193 269290 0.8
890075 2434261 269348 0.11
887751 2446195 269515 0.13
924860 2926351 269558 0.7
885591 2439635 269689 0.13
922513 2918169 269739 0.8
884248 2408987 269783 0.11
879863 2373171 269950 0.13
919233 2909436 270000 0.7
877703 2366764 270124 0.13
917093 2904360 270174 0.6
878808 2392579 270218 0.11
876871 2413156 270385 0.13
913813 2895706 270435 0.8
874711 2406515 270559 0.13
911820 2895652 270609 0.7
874604 2404207 270653 0.11
871431 2396636 270820 0.13
908449 2883119 270870 0.6
869191 2389915 270994 0.13
906489 2883865 271044 0.8
867928 2359924 271088 0.11
863543 2324686 271255 0.13
903209 2875026 271305 0.7
861303 2318200 271429 0.13
900982 2868156 271479 0.6
862488 2343597 271523 0.11
860471 2363435 271690 0.13
897769 2860884 271740 0.8
858311 2356876 271864 0.13
895609 2855340 271914 0.7
857048 2327189 271958 0.11
852583 2292336 272125 0.13
892152 2841671 272175 0.6
850423 2285850 272299 0.13
890169 2838949 272349 0.8
851528 2310781 272393 0.11
850254 2346500 272567 0.13
885869 2806964 272610 0.7
848094 2339894 272741 0.13
884219 2811532 272784 0.6
846395 2302677 272835 0.11
841623 2259749 273002 0.13
881449 2812674 273045 0.8
839463 2253342 273176 0.13
879289 2806166 273219 0.7
840955 2286209 273270 0.11
838631 2297033 273437 0.13
875167 2778236 273480 0.6
836471 2290392 273611 0.13
872993 2774410 273661 0.8
835128 2261479 273705 0.11
830743 2227478 273872 0.13
870807 2786259 273922 0.7
828503 2220913 274046 0.13
868567 2779654 274096 0.6
829688 2245151 274140 0.11
827751 2263912 274307 0.13
864273 2748276 274357 0.8
825511 2257272 274481 0.13
862113 2741802 274531 0.7
824777 2244493 274589 0.11
820885 2200853 274669 0.13
859847 2753315 274792 0.6
818725 2194358 274843 0.13
857369 2740037 274966 0.8
818120 2202436 275024 0.11
817751 2233626 275104 0.13
853069 2708904 275227 0.7
815511 2226905 275278 0.13
851343 2711423 275401 0.6
813128 2195528 275459 0.11
812311 2217026 275539 0.13
810071 2210386 275713 0.13
847458 2711662 275763 0.8
808924 2204758 275894 0.11
845298 2705069 275937 0.7
804343 2149253 275974 0.13
802183 2142846 276148 0.13
841640 2687387 276198 0.6
802248 2162793 276329 0.11
839858 2688666 276372 0.8
801351 2183906 276409 0.13
799191 2177265 276583 0.13
836578 2678777 276633 0.7
796808 2146466 276764 0.11
833884 2661349 276807 0.6
793463 2116982 276844 0.13
791303 2110496 277018 0.13
831049 2660570 277068 0.8
791368 2130138 277199 0.11
828889 2653982 277242 0.7
790471 2150786 277279 0.13
788311 2144226 277453 0.13
825164 2635164 277503 0.6
785928 2113731 277634 0.11
822349 2616904 277677 0.8
782583 2084632 277714 0.13
780423 2078225 277888 0.13
820169 2627707 277938 0.7
781644 2121998 278069 0.11
818115 2624841 278112 0.6
779591 2117746 278149 0.13
777431 2111106 278323 0.13
813629 2590835 278373 0.8
775275 2088432 278511 0.11
811469 2584377 278547 0.7
772404 2067631 278591 0.13
770164 2061096 278765 0.13
809032 2591318 278808 0.6
768609 2047871 278946 0.11
807049 2588255 278982 0.8
768551 2084302 279026 0.13
766391 2077743 279200 0.13
803769 2578452 279243 0.7
764008 2048021 279381 0.11
801795 2575516 279417 0.6
760663 2019695 279461 0.13
758503 2013209 279635 0.13
798567 2567897 279685 0.8
759804 2055595 279816 0.11
796407 2561373 279859 0.7
757671 2051263 279896 0.13
755511 2044623 280070 0.13
792113 2531687 280120 0.6
753128 2015366 280251 0.11
789953 2525134 280294 0.8
752231 2034663 280331 0.13
749001 2009999 280519 0.13
786673 2515383 280555 0.7
748746 2005077 280613 0.11
784433 2508750 280729 0.6
745721 2000205 280780 0.13
744391 2010936 280954 0.13
781929 2512404 280990 0.8
743306 1988722 281048 0.11
779689 2505815 281164 0.7
738743 1954520 281215 0.13
736503 1948035 281389 0.13
776026 2488610 281425 0.6
737688 1969024 281483 0.11
735671 1984456 281650 0.13
773058 2487091 281700 0.8
733511 1977897 281824 0.13
770433 2471667 281874 0.7
732248 1952617 281918 0.11
727783 1922170 282085 0.13
768205 2481783 282135 0.6
725623 1915685 282259 0.13
764993 2455323 282309 0.8
726728 1936209 282353 0.11
724791 1951417 282520 0.13
761231 2436421 282570 0.7
722631 1944777 282694 0.13
759740 2442487 282744 0.6
721288 1919882 282788 0.11
716903 1889820 282955 0.13
756649 2436151 283005 0.8
717191 1928257 283129 0.13
754489 2429642 283179 0.7
715848 1903554 283223 0.11
713911 1918297 283390 0.13
750764 2411510 283440 0.6
709303 1867278 283564 0.13
748029 2394318 283614 0.8
711644 1909348 283658 0.11
708471 1901777 283825 0.13
745769 2403368 283875 0.7
706311 1895137 283999 0.13
743019 2387337 284049 0.6
704968 1870819 284093 0.11
700583 1841414 284260 0.13
740329 2386896 284310 0.8
699044 1848547 284441 0.13
738089 2380307 284484 0.7
698609 1839451 284535 0.11
698174 1881505 284702 0.13
734632 2367203 284745 0.6
695271 1861774 284876 0.13
732649 2363916 284919 0.8
694395 1844624 284970 0.11
689543 1808748 285137 0.13
729369 2354033 285180 0.7
687383 1802262 285311 0.13
727395 2350778 285354 0.6
689724 1842865 285405 0.11
686551 1835294 285572 0.13
723153 2324689 285622 0.8
684391 1828654 285746 0.13
720993 2318216 285796 0.7
683048 1805109 285840 0.11
678663 1776398 286007 0.13
718727 2326419 286057 0.6
676503 1769991 286181 0.13
716567 2319895 286231 0.8
677608 1788782 286275 0.11
674601 1786104 286456 0.13
712273 2292081 286492 0.7
672361 1779441 286630 0.13
710113 2285528 286666 0.6
672777 1784863 286724 0.11
670071 1785087 286891 0.13
707529 2287984 286927 0.8
667831 1778447 287065 0.13
705289 2281315 287101 0.7
666120 1748090 287159 0.11
587455 589260 287233 0.18
662103 1727359 287326 0.13
701706 2264849 287362 0.6
659943 1720952 287500 0.13
699313 2258791 287550 0.8
661128 1739159 287594 0.11
659111 1751967 287761 0.13
696033 2249017 287811 0.7
656951 1745327 287935 0.13
694022 2245014 287985 0.6
656844 1743019 288029 0.11
653671 1735447 288196 0.13
690593 2232592 288246 0.8
651511 1728807 288370 0.13
611346 1138455 288414 0.14
688433 2226103 288420 0.7
650168 1706424 288464 0.11
645783 1678874 288631 0.13
684833 2210801 288681 0.6
643623 1672467 288805 0.13
682349 2198837 288855 0.8
644728 1690096 288899 0.11
641044 1675208 289073 0.13
680089 2206268 289116 0.7
677740 2196489 289290 0.6
638844 1685012 289334 0.13
637371 1675469 289515 0.11
674649 2189876 289551 0.8
634682 1676656 289682 0.13
672409 2183207 289725 0.7
632204 1666169 289863 0.13
631074 1647955 289957 0.11
669080 2173679 289993 0.6
627844 1639265 290124 0.13
667207 2171932 290167 0.8
624903 1620422 290298 0.13
626395 1643473 290392 0.11
624734 1660425 290566 0.13
660775 2142348 290602 0.7
582702 1080981 290704 0.14
622574 1653820 290740 0.13
659100 2145085 290783 0.6
618367 1616582 290914 0.13
655537 2130587 291044 0.8
578298 1072088 291052 0.14
616207 1610019 291088 0.13
653377 2124098 291218 0.7
611916 1571682 291269 0.13
609756 1565327 291443 0.13
650060 2113636 291479 0.6
610436 1604501 291624 0.13
647777 2107275 291660 0.8
646182 2109827 291834 0.7
608174 1611169 291885 0.13
643683 2097847 292008 0.6
566184 1048295 292023 0.14
602927 1572562 292146 0.13
640964 2082388 292182 0.8
600244 1559091 292327 0.13
639013 2081492 292363 0.7
599476 1573487 292501 0.13
637495 2085147 292537 0.6
597156 1566541 292682 0.13
633493 2066026 292805 0.8
594996 1559918 292856 0.13
631333 2059536 292979 0.7
589543 1519022 293117 0.13
628213 2053316 293240 0.6
626598 2057409 293421 0.8
624102 2045542 293595 0.7
621360 2030797 293776 0.8
619200 2024225 293950 0.7
615920 2015489 294211 0.6
613581 1993364 294298 0.8
613189 2001341 294385 0.7
536321 986358 294393 0.14
612602 2005039 294472 0.6
612189 2012627 294559 0.8
610299 1996357 294646 0.7
609451 1997159 294733 0.6
608059 1989714 294820 0.8
607019 1986512 294907 0.7
605049 1970269 294994 0.6
529732 970808 295002 0.14
604779 1979949 295081 0.8
606289 2015426 295168 0.7
603469 1986284 295255 0.6
604129 2007755 295342 0.8
600459 1964662 295429 0.7
600189 1973153 295516 0.6
523372 960214 295524 0.14
599015 1967659 295610 0.8
595378 1925397 295697 0.7
596775 1958801 295784 0.6
593218 1916867 295871 0.8
594615 1950024 295958 0.7
590978 1908259 296045 0.6
591659 1929446 296132 0.8
590539 1925044 296219 0.7
590327 1933031 296306 0.6
587382 1917594 296494 0.8
586422 1913423 296581 0.7
583667 1885065 296668 0.6
585302 1905643 296755 0.8
584182 1901311 296842 0.7
583013 1895106 296929 0.6
581712 1902077 297103 0.8
578486 1866169 297190 0.7
579142 1887444 297277 0.6
578512 1889002 297364 0.8
577392 1884563 297451 0.7
574835 1872254 297625 0.6
574112 1873506 297712 0.8
572992 1869148 297799 0.7
571555 1859058 297886 0.6
568646 1829424 297973 0.8
495735 900363 297981 0.14
569792 1855992 298060 0.7
567579 1836123 298147 0.6
564658 1807246 298241 0.8
566135 1838253 298328 0.7
562498 1798559 298415 0.6
563895 1829476 298502 0.8
560338 1789950 298589 0.7
561735 1820618 298676 0.6
559819 1805229 298763 0.8
558779 1800827 298850 0.7
558487 1808023 298937 0.6
483710 876778 298945 0.14
556586 1779993 299038 0.8
559069 1810821 299125 0.7
553298 1728255 299212 0.6
557949 1803126 299299 0.8
554426 1764734 299386 0.7
480315 867490 299387 0.14
555015 1783818 299473 0.6
555649 1803169 299560 0.8
552059 1764170 299647 0.7
437857 439172 299699 0.18
551735 1770611 299734 0.6
549899 1755446 299821 0.8
435611 436878 299873 0.18
551329 1785378 299908 0.7
548149 1765085 300082 0.6
544406 1725536 300169 0.8
545472 1750424 300256 0.7
543339 1731435 300343 0.6
543312 1741627 300430 0.8
540086 1708314 300517 0.7
540059 1718309 300604 0.6
539655 1724148 300698 0.8
536098 1686726 300785 0.7
537495 1715290 300872 0.6
535782 1702951 301053 0.8
534742 1698619 301140 0.7
533622 1694208 301227 0.6
532942 1682179 301314 0.8
531778 1688507 301488 0.7
530177 1677889 301575 0.6
529062 1674877 301676 0.8
528022 1670626 301763 0.7
527259 1670703 301850 0.6
525782 1661883 301937 0.8
526029 1673845 302024 0.7
523284 1648773 302111 0.6
445185 799092 302192 0.14
522219 1645156 302198 0.8
521179 1640754 302285 0.7
520213 1638285 302372 0.6
519019 1632110 302459 0.8
517899 1627627 302546 0.7
515249 1604287 302633 0.8
514619 1617863 302807 0.7
512459 1612421 302981 0.8
511339 1608099 303068 0.7
510299 1603696 303155 0.8
510709 1618110 303242 0.7
511885 1641883 303329 0.8
509569 1621758 303416 0.8
505899 1586329 303503 0.8
504779 1581846 303590 0.8
503739 1577524 303677 0.8
502619 1573202 303764 0.8
496389 1507898 303858 0.8
502704 1592198 303945 0.8
499259 1559916 304032 0.8
498219 1555514 304119 0.8
498529 1579405 304293 0.8
492389 1514342 304380 0.8
493819 1540307 304467 0.8
492699 1535905 304554 0.8
487989 1497237 304728 0.8
489485 1531892 304909 0.8
489490 1548904 305087 0.8
487261 1540072 305258 0.8
481207 1487052 305436 0.8
479047 1478433 305607 0.8
479541 1499734 305778 0.8
478461 1503677 305956 0.8
476301 1494805 306127 0.8
473981 1485521 306305 0.8
471821 1476566 306476 0.8
465767 1425281 306654 0.8
463607 1416662 306825 0.8
464261 1437025 306996 0.8
464221 1441486 307174 0.8
462061 1432614 307345 0.8
456007 1382664 307523 0.8
453847 1373885 307694 0.8
454888 1392478 307781 0.9
453190 1381095 307868 0.8
452728 1383634 307955 0.9
449819 1360465 308042 0.8
448779 1356063 308129 0.9
447659 1351741 308216 0.8
446539 1347339 308303 0.9
445499 1342937 308390 0.8
444379 1338695 308477 0.9
447165 1373537 308564 0.8
442219 1329971 308651 0.9
444925 1364556 308738 0.8
440059 1321167 308825 0.9
438939 1316845 308912 0.8
437819 1312443 308999 0.9
436779 1308041 309086 0.8
435659 1303799 309173 0.9
434619 1299397 309260 0.8
433499 1295075 309347 0.9
432379 1290673 309434 0.8
431339 1286271 309521 0.9
430219 1281949 309608 0.8
429099 1277547 309695 0.9
428059 1273145 309782 0.8
426939 1268903 309869 0.9
425899 1264501 309956 0.8
424779 1260179 310043 0.9
423659 1255777 310130 0.8
422619 1251375 310217 0.9
421499 1247053 310304 0.8
420379 1242651 310391 0.9
419339 1238249 310478 0.8
418219 1234007 310565 0.9
417179 1229605 310652 0.8
416059 1225283 310739 0.9
414939 1220881 310826 0.8
413899 1216479 310913 0.9
412779 1212157 311000 0.8
411659 1207755 311087 0.9
410619 1203353 311174 0.8
413325 1234379 311261 0.9
408459 1194709 311348 0.8
411165 1225398 311435 0.9
406219 1185985 311522 0.8
405179 1181583 311609 0.9
404059 1177261 311696 0.8
402939 1172858 311783 0.9
401899 1168456 311870 0.8
400779 1164215 311957 0.9
399739 1159813 312044 0.8
398619 1155491 312131 0.9
397499 1151088 312218 0.8
396459 1146686 312305 0.9
395339 1142364 312392 0.8
394219 1137962 312479 0.9
393179 1133560 312566 0.8
392059 1129318 312653 0.9
391019 1124916 312740 0.8
391019 1121715 312827 0.9
389899 1117313 312914 0.8
388779 1112831 313001 0.9
387739 1108589 313088 0.8
386619 1104187 313175 0.9
385499 1099705 313262 0.8
384459 1095543 313349 0.9
383339 1091061 313436 0.8
382299 1086819 313523 0.9
381179 1082417 313610 0.8
380059 1077935 313697 0.9
380059 1074733 313784 0.8
379019 1070411 313871 0.9
377899 1065929 313958 0.8
376779 1061687 314045 0.9
379565 1088382 314132 0.8
374619 1052963 314219 0.9
377405 1079484 314306 0.8
372459 1044159 314393 0.9
371339 1039837 314480 0.8
370299 1035515 314567 0.9
369179 1031033 314654 0.8
368059 1027832 314741 0.9
367019 1023510 314828 0.8
365899 1019108 314915 0.9
364859 1014866 315002 0.8
363739 1010384 315089 0.9
362619 1005982 315176 0.8
361579 1001740 315263 0.9
360459 997258 315350 0.8
359339 992936 315437 0.9
358299 988614 315524 0.8
357179 984212 315611 0.9
356139 979970 315698 0.8
355019 975488 315785 0.9
353899 971086 315872 0.8
352859 966844 315959 0.9
351739 962362 316046 0.8
350619 958040 316133 0.9
349579 953718 316220 0.8
348459 949316 316307 0.9
347419 945154 316394 0.8
346299 940672 316481 0.9
345179 936270 316568 0.8
344139 932028 316655 0.9
343019 927546 316742 0.8
345725 951531 316829 0.9
340859 920022 316916 0.8
343565 942550 317003 0.9
338699 911298 317090 0.8
337579 907937 317177 0.9
336459 903615 317264 0.8
335419 899293 317351 0.9
334299 894811 317438 0.8
333179 890569 317525 0.9
332139 886167 317612 0.8
331019 881845 317699 0.9
331005 885359 317793 0.8
326215 855747 317880 0.9
328845 876555 317967 0.8
324055 847274 318054 0.9
325499 859835 318141 0.8
324379 855593 318228 0.9
208358 208953 318252 0.19
323339 851191 318315 0.8
322219 846869 318402 0.9
321099 842467 318489 0.8
323885 862714 318576 0.9
318939 833743 318663 0.8
321725 853815 318750 0.9
316779 824939 318837 0.8
315659 820697 318924 0.9
314619 816295 319011 0.8
313499 811973 319098 0.9
312379 807571 319185 0.8
311339 803169 319272 0.9
310219 798847 319359 0.8
309179 794525 319446 0.9
308059 790043 319533 0.8
306939 785801 319620 0.9
305899 781399 319707 0.8
304779 777077 319794 0.9
303659 772675 319881 0.8
302619 768273 319968 0.9
301499 763951 320055 0.8
300459 759629 320142 0.9
299339 755147 320229 0.8
298219 750905 320316 0.9
297179 746503 320403 0.8
296059 742181 320490 0.9
294939 737779 320577 0.8
293899 733377 320664 0.9
292779 729055 320751 0.8
291739 724733 320838 0.9
290619 720250 320925 0.8
289499 716009 321012 0.9
288459 711607 321099 0.8
287339 707285 321186 0.9
286709 710099 321360 0.8
285589 705564 321447 0.9
284549 701272 321534 0.8
283429 696819 321621 0.9
280779 685354 321708 0.8
279739 681113 321795 0.9
278619 676710 321882 0.8
277499 672308 321969 0.9
276459 668067 322056 0.8
275339 663584 322143 0.9
274299 659262 322230 0.8
273179 654940 322317 0.9
269509 637704 322404 0.9
271019 646216 322491 0.9
269899 641814 322578 0.9
268779 637412 322665 0.9
267739 633170 322752 0.9
266619 628688 322839 0.9
265579 624366 322926 0.9
264459 620044 323013 0.9
263339 615562 323100 0.9
262299 611320 323187 0.9
261179 606918 323274 0.9
260059 602516 323361 0.9
259019 598274 323448 0.9
257899 593792 323535 0.9
256859 589470 323622 0.9
255739 585148 323709 0.9
254619 580666 323796 0.9
253579 577545 323883 0.9
252459 573063 323970 0.9
251339 568741 324057 0.9
257950 598806 324144 0.9
249179 561057 324231 0.9
248139 556815 324318 0.9
247019 552413 324405 0.9
245899 547931 324492 0.9
244859 543769 324579 0.9
243739 539287 324666 0.9
242619 534885 324753 0.9
241579 530643 324840 0.9
240459 526161 324927 0.9
239419 521919 325014 0.9
238299 517517 325101 0.9
237179 513035 325188 0.9
236139 508873 325275 0.9
235019 504391 325362 0.9
233899 499989 325449 0.9
233899 496788 325536 0.9
232859 492386 325623 0.9
231739 488064 325710 0.9
230699 483742 325797 0.9
229579 479260 325884 0.9
228459 475018 325971 0.9
227419 470616 326058 0.9
226299 466214 326145 0.9
225179 461892 326232 0.9
224139 457490 326319 0.9
223019 453168 326406 0.9
221979 448846 326493 0.9
220859 444364 326580 0.9
219739 440122 326667 0.9
218699 435720 326754 0.9
225230 456689 326841 0.9
216459 426996 326928 0.9
215419 422594 327015 0.9
214299 418272 327102 0.9
213259 413950 327189 0.9
212139 409468 327276 0.9
211019 405226 327363 0.9
209979 402985 327450 0.9
208859 398663 327537 0.9
207739 394261 327624 0.9
206699 389859 327711 0.9
205579 385617 327798 0.9
204539 381215 327885 0.9
203419 376733 327972 0.9
202299 372491 328059 0.9
201259 368089 328146 0.9
200139 363767 328233 0.9
199019 359365 328320 0.9
197979 354963 328407 0.9
196859 350721 328494 0.9
195819 346319 328581 0.9
194699 341837 328668 0.9
193579 337595 328755 0.9
192539 333193 328842 0.9
191419 328871 328929 0.9
190299 324469 329016 0.9
189259 320067 329103 0.9
188139 315825 329190 0.9
187099 311423 329277 0.9
185979 306941 329364 0.9
184859 302699 329451 0.9
183819 298297 329538 0.9
182699 293975 329625 0.9
189230 306606 329712 0.9
180539 285171 329799 0.9
179419 280929 329886 0.9
178379 276527 329973 0.9
177259 272045 330060 0.9
176139 267803 330147 0.9
175099 263401 330234 0.9
173979 259079 330321 0.9
172859 254677 330408 0.9
171819 250275 330495 0.9
55382 55393 330547 0.18
170699 246033 330582 0.9
54349 54357 330634 0.18
169659 241631 330669 0.9
53212 53216 330721 0.18
168539 237148 330756 0.9
52119 52119 330808 0.19
167419 232907 330843 0.9
166379 228505 330930 0.9
165259 224183 331017 0.9
88198 88234 331018 0.14
164139 219781 331104 0.9
87169 87202 331105 0.14
163099 215378 331191 0.9
86054 86083 331192 0.14
161979 211137 331278 0.9
83225 83097 331279 0.14
160939 206735 331365 0.9
85165 85278 331366 0.14
159819 202252 331452 0.9
80985 80899 331453 0.14
121003 126600 331489 0.10
158699 198010 331539 0.9
119884 124273 331583 0.10
157659 193608 331626 0.9
118767 122029 331670 0.10
156539 189286 331713 0.9
116597 118655 331757 0.10
155419 184884 331800 0.9
118327 119634 331844 0.10
154379 180482 331887 0.9
113127 112914 331931 0.10
153259 176240 331974 0.9
152219 171838 332061 0.9
151099 167356 332148 0.9
149979 163114 332235 0.9
5969 5969 337474 0.14
9027 9027 337561 0.14
9027 9027 337648 0.14
18292 18292 339966 0.10
18292 18292 340053 0.10
16380 16380 340107 0.14
16077 16077 340194 0.14
16077 16077 340281 0.14
18067 18067 341027 0.10
8595 8595 342430 0.14
8346 8346 342682 0.14
8025 8025 342769 0.14
15661 15661 343756 0.14
17554 17554 343865 0.14
17896 17896 343974 0.14
65949 65949 344083 0.14
70706 70706 344170 0.14
73380 73380 344257 0.14
74970 74970 344360 0.14
74970 74970 344447 0.14
74970 74970 344534 0.14
74970 74970 344637 0.14
69453 69453 344746 0.14
67182 67182 344855 0.14
65949 65949 344964 0.14
70706 70706 345051 0.14
73380 73380 345138 0.14
74970 74970 345241 0.14
72086 72086 345328 0.14
74970 74970 345415 0.14
72086 72086 345518 0.14
72125 72125 345627 0.14
67182 67182 345736 0.14
68391 68391 345845 0.14
68087 68087 345932 0.14
73380 73380 346019 0.14
72086 72086 346122 0.14
74970 74970 346209 0.14
74970 74970 346296 0.14
52470 52470 346483 0.14
63195 63195 346577 0.14
75017 75017 346664 0.14
61439 61439 346751 0.14
82626 82626 346838 0.14
78035 78035 346925 0.14
79081 79081 347026 0.14
77487 77487 347113 0.14
77224 77224 347200 0.14
76473 76473 347294 0.14
78747 78747 347381 0.14
78035 78035 347468 0.14
78035 78035 347555 0.14
78513 78513 347642 0.14
75017 75017 347736 0.14
78747 78747 347823 0.14
76473 76473 347917 0.14
80468 80468 348004 0.14
78271 78271 348091 0.14
79565 79565 348178 0.14
76505 76505 348265 0.14
76473 76473 348359 0.14
77487 77487 348446 0.14
80721 80721 348547 0.14
77959 77959 348634 0.14
82626 82626 348721 0.14
73445 73445 348808 0.14
84970 84970 348902 0.14
73445 73445 348989 0.14
82626 82626 349076 0.14
76473 76473 349170 0.14
12716 12716 357680 0.18
10783 10783 362632 0.18
8892 8892 369525 0.18
8776 8776 370121 0.19
1346 1346 371526 0.18
1720 1720 373462 0.18
2161 2161 375714 0.18
13810 13810 376061 0.18
12779 12779 376436 0.18
13810 13810 376783 0.18
12276 12276 377130 0.18
12779 12779 377505 0.18
7698 7698 377681 0.18
27621 27621 377852 0.18
24074 24074 378057 0.18
26086 26086 378199 0.18
25491 25491 378433 0.18
25559 25559 378574 0.18
23549 23549 378840 0.18
25643 25643 378927 0.18
24074 24074 379216 0.18
25491 25491 379303 0.18
9344 9344 379497 0.18
36820 36820 379592 0.18
34268 34268 379707 0.18
21845 21845 379902 0.18
50982 50982 379996 0.18
37956 37956 380083 0.18
52953 52953 380177 0.18
55084 55084 380264 0.18
48963 48963 380351 0.18
50982 50982 380445 0.18
52180 52180 380532 0.18
55084 55084 380619 0.18
48963 48963 380706 0.18
50982 50982 380800 0.18
55084 55084 380887 0.18
51802 51802 380974 0.18
52023 52023 381061 0.18
50982 50982 381155 0.18
55084 55084 381242 0.18
48963 48963 381329 0.18
52720 52720 381430 0.18
51973 51973 381517 0.18
13614 13614 381869 0.18
55084 55084 381956 0.18
50982 50982 382050 0.18
48963 48963 382137 0.18
55084 55084 382224 0.18
50982 50982 382318 0.18
48963 48963 382405 0.18
55084 55084 382492 0.18
50982 50982 382586 0.18
55084 55084 382673 0.18
48963 48963 382760 0.18
50982 50982 382854 0.18
55084 55084 382941 0.18
55084 55084 383028 0.18
50982 50982 383122 0.18
39856 39856 383839 0.18
2282 2282 385705 0.18
2568 2568 387571 0.18
2967 2967 389186 0.18
6778 6778 389893 0.18
6155 6155 390585 0.18
6398 6398 391334 0.18
11276 11276 391759 0.18
10215 10215 392176 0.18
11806 11806 392627 0.18
10215 10215 393044 0.18
14522 14522 393374 0.18
15310 15310 393687 0.18
14689 14689 393977 0.18
46080 46080 394081 0.18
50982 50982 394175 0.18
55084 55084 394262 0.18
48963 48963 394349 0.18
50982 50982 394443 0.18
55084 55084 394530 0.18
48963 48963 394617 0.18
56646 56646 394711 0.18
48963 48963 394798 0.18
55084 55084 394885 0.18
50982 50982 394979 0.18
48963 48963 395066 0.18
55084 55084 395153 0.18
50982 50982 395247 0.18
