51003 51003 4449 0.18
53043 53043 4536 0.18
51003 51003 4623 0.18
53043 53043 4710 0.18
51003 51003 4797 0.18
53043 53043 4884 0.18
51003 51003 4971 0.18
53043 53043 5058 0.18
51003 51003 5145 0.18
53043 53043 5232 0.18
54183 54184 5406 0.18
56955 57008 5580 0.18
58503 58506 5754 0.18
60743 60747 5928 0.18
62903 62908 6102 0.18
65063 65069 6276 0.18
67223 67230 6450 0.18
69463 69471 6624 0.18
71623 71632 6798 0.18
85635 85639 6848 0.14
73783 73793 6972 0.18
87795 87800 7022 0.14
75943 75954 7146 0.18
89955 89961 7196 0.14
78183 78195 7320 0.18
92195 92202 7370 0.14
80343 80356 7494 0.18
94355 94363 7544 0.14
82503 82517 7668 0.18
96515 96524 7718 0.14
84663 84678 7842 0.18
98675 98685 7892 0.14
86903 86919 8016 0.18
102445 102905 8066 0.14
89063 89080 8190 0.18
104605 105108 8240 0.14
91223 91241 8364 0.18
106765 107312 8414 0.14
93383 93402 8538 0.18
95623 95643 8712 0.18
109635 111811 8762 0.14
97783 97804 8886 0.18
99943 99965 9060 0.18
113955 118294 9110 0.14
102103 102126 9234 0.18
104343 104367 9408 0.18
118355 124857 9458 0.14
106503 106528 9582 0.18
109683 110821 9756 0.18
122675 131420 9806 0.14
111843 113024 9930 0.18
114083 115309 10104 0.18
127075 137983 10154 0.14
115223 115252 10278 0.18
117383 117413 10452 0.18
131395 144466 10502 0.14
119543 119574 10626 0.18
146527 154150 10639 0.10
121783 121815 10800 0.18
135795 151029 10850 0.14
123943 123976 10974 0.18
150847 160633 10987 0.10
126103 126137 11148 0.18
140115 157592 11198 0.14
128263 128298 11322 0.18
155247 167196 11335 0.10
130503 130539 11496 0.18
144515 164155 11546 0.14
132663 132700 11670 0.18
159567 173759 11683 0.10
134823 134861 11844 0.18
148835 170638 11894 0.14
136983 137022 12018 0.18
163967 180322 12031 0.10
139223 139264 12192 0.18
153235 177201 12242 0.14
141383 141424 12366 0.18
168287 186805 12379 0.10
143543 143585 12540 0.18
157555 183764 12590 0.14
145703 145746 12714 0.18
172687 193368 12727 0.10
147943 147988 12888 0.18
161955 190327 12938 0.14
150103 150149 13062 0.18
177007 199931 13075 0.10
152263 152309 13236 0.18
166275 196810 13286 0.14
154423 154470 13410 0.18
181407 206494 13423 0.10
156663 156712 13584 0.18
171440 205367 13634 0.14
158823 158873 13758 0.18
185727 212977 13771 0.10
160983 161034 13932 0.18
175760 211994 13982 0.14
163143 163194 14106 0.18
167543 167597 14280 0.18
180160 218622 14330 0.14
171863 171919 14454 0.18
194447 228264 14467 0.10
176263 176321 14628 0.18
183715 222982 14678 0.14
180583 180643 14802 0.18
184983 185045 14976 0.18
188115 229545 15026 0.14
189303 189367 15150 0.18
203779 244904 15163 0.10
194723 197568 15324 0.18
195715 239390 15374 0.14
199043 201975 15498 0.18
203443 206463 15672 0.18
204435 250275 15722 0.14
206743 206815 15846 0.18
212397 260027 15859 0.10
211143 211217 16020 0.18
213155 261160 16070 0.14
215463 215539 16194 0.18
219863 219941 16368 0.18
221875 272045 16418 0.14
224183 224263 16542 0.18
226637 280938 16555 0.10
228583 228665 16716 0.18
230595 283010 16766 0.14
232903 232987 16890 0.18
237303 237389 17064 0.18
239315 293895 17114 0.14
244057 295014 17214 0.6
241623 241711 17238 0.18
243567 303579 17251 0.10
246023 246113 17412 0.18
248035 304780 17462 0.14
250343 250435 17586 0.18
254743 254837 17760 0.18
256755 315665 17810 0.14
260859 317505 17910 0.6
259063 259159 17934 0.18
261007 327510 17947 0.10
263463 263561 18108 0.18
265475 326630 18158 0.14
267783 267883 18282 0.18
272183 272285 18456 0.18
274195 337515 18506 0.14
278299 341516 18606 0.6
276503 276607 18630 0.18
278447 351521 18643 0.10
280903 281009 18804 0.18
282915 348400 18854 0.14
285223 285331 18978 0.18
289623 289733 19152 0.18
292400 362807 19202 0.14
295739 365527 19302 0.6
293943 294055 19326 0.18
295887 375532 19339 0.10
298343 298457 19500 0.18
301120 373880 19550 0.14
302663 302779 19674 0.18
307063 307181 19848 0.18
309840 384871 19898 0.14
313179 389539 19998 0.6
311383 311503 20022 0.18
313327 399543 20035 0.10
315783 315905 20196 0.18
317795 392020 20246 0.14
320103 320227 20370 0.18
324503 324629 20544 0.18
326515 402905 20594 0.14
330619 413470 20694 0.6
328823 328951 20718 0.18
331277 425550 20731 0.10
334243 339889 20892 0.18
335235 413870 20942 0.14
338563 344296 21066 0.18
342963 348784 21240 0.18
343955 424755 21290 0.14
348697 439625 21390 0.6
346263 346399 21414 0.18
348717 449679 21427 0.10
350663 350801 21588 0.18
352675 435640 21638 0.14
354983 355123 21762 0.18
359383 359525 21936 0.18
361395 446525 21986 0.14
366137 463754 22086 0.6
363703 363847 22110 0.18
366157 473807 22123 0.10
368103 368249 22284 0.18
370115 457490 22334 0.14
372423 372571 22458 0.18
376823 376973 22632 0.18
378835 468375 22682 0.14
383577 487883 22782 0.6
380103 380254 22806 0.18
383087 495507 22819 0.10
384423 384576 22980 0.18
387555 479260 23030 0.14
390546 387852 23241 0.18
396275 490145 23378 0.14
400379 509434 23478 0.6
395303 395461 23502 0.18
400527 519438 23515 0.10
397543 397702 23676 0.19
404995 501110 23726 0.14
398923 401349 23763 0.18
401843 408846 23937 0.19
402203 404652 24024 0.18
412595 510874 24074 0.14
417819 533445 24174 0.6
405143 405306 24198 0.19
417967 543449 24211 0.10
407643 410130 24285 0.18
411703 411869 24459 0.19
413523 411324 24546 0.18
422435 522880 24596 0.14
418263 418432 24720 0.19
420763 423342 24807 0.18
435259 557456 24870 0.6
434287 566340 24907 0.10
424743 424915 24981 0.19
426643 424364 25068 0.18
429569 535513 25118 0.14
431303 431478 25242 0.19
433803 436473 25329 0.18
437863 438041 25503 0.19
452699 581467 25566 0.6
439683 437325 25590 0.18
442545 550465 25640 0.14
444423 444604 25764 0.19
446923 449685 25851 0.18
451954 591637 25864 0.10
450903 451087 26025 0.19
452803 450365 26112 0.18
455665 565852 26162 0.14
457463 457650 26286 0.19
471485 607865 26349 0.6
459963 462816 26373 0.18
464023 464213 26547 0.19
466523 469422 26634 0.18
468195 577385 26684 0.14
471603 480007 26808 0.19
473083 476028 26895 0.18
474805 620900 26908 0.10
477063 477259 27069 0.19
479643 482634 27156 0.18
481315 592672 27206 0.14
483623 483822 27330 0.19
487843 630685 27393 0.6
485443 482806 27417 0.18
490183 490385 27591 0.19
492683 495765 27678 0.18
494355 610120 27728 0.14
496743 496948 27852 0.19
498563 495847 27939 0.18
500942 653556 27952 0.10
503223 503431 28113 0.19
505803 508977 28200 0.18
507475 627568 28250 0.14
509783 509994 28374 0.19
513971 663324 28437 0.6
510563 507774 28461 0.18
513063 513275 28635 0.19
514523 517758 28722 0.18
520515 645016 28772 0.14
516343 516557 28896 0.19
517043 514214 28983 0.18
527267 690726 28996 0.10
519623 519838 29157 0.19
521003 524283 29244 0.18
533635 662464 29294 0.14
522903 523120 29418 0.19
540324 698274 29481 0.6
524283 527586 29505 0.18
527123 536641 29679 0.19
527563 530889 29766 0.18
541235 674469 29816 0.14
529383 529603 29940 0.19
530843 534192 30027 0.18
553427 727904 30040 0.10
532663 532884 30201 0.19
533443 530515 30288 0.18
548305 689834 30338 0.14
535943 536166 30462 0.19
566484 735452 30525 0.6
537403 540798 30549 0.18
539223 539447 30723 0.19
540003 537035 30810 0.18
554865 700871 30860 0.14
542503 542729 30984 0.19
543883 547323 31071 0.18
570867 756330 31084 0.10
545783 546010 31245 0.19
546483 543475 31332 0.18
561345 711746 31382 0.14
549063 549292 31506 0.19
590404 770382 31569 0.6
550443 553929 31593 0.18
552263 552493 31767 0.19
553043 549996 31854 0.18
567395 718090 31904 0.14
556563 566672 32028 0.19
557003 560535 32115 0.18
583647 777877 32128 0.10
558823 559056 32289 0.19
560283 563838 32376 0.18
573955 728975 32426 0.14
562103 562338 32550 0.19
603099 791963 32613 0.6
563563 567141 32637 0.18
565383 565619 32811 0.19
566843 570444 32898 0.18
580515 739940 32948 0.14
568663 568901 33072 0.19
569363 566216 33159 0.18
596687 801888 33172 0.10
571943 572182 33333 0.19
573323 576969 33420 0.18
586995 750745 33470 0.14
575223 575464 33594 0.19
616139 815894 33657 0.6
575923 572736 33681 0.18
578423 578665 33855 0.19
579883 583575 33942 0.18
593555 761710 33992 0.14
581703 581947 34116 0.19
583603 580370 34203 0.18
610147 828598 34216 0.10
588263 588510 34377 0.19
590763 594532 34464 0.18
600115 772595 34514 0.14
594823 595073 34638 0.19
629259 839905 34701 0.6
596643 593330 34725 0.18
602403 613433 34899 0.19
603883 607743 34986 0.18
606675 783560 35036 0.14
607863 608119 35160 0.19
610443 614349 35247 0.18
623187 852607 35260 0.10
614423 614682 35421 0.19
616923 620875 35508 0.18
618675 799887 35558 0.14
620983 621245 35682 0.19
642724 866659 35745 0.6
623483 627481 35769 0.18
627543 627808 35943 0.19
629363 625852 36030 0.18
632225 822677 36080 0.14
634023 634291 36204 0.19
636603 640692 36291 0.18
638467 878865 36304 0.10
640583 640854 36465 0.19
642403 638812 36552 0.18
645345 840239 36602 0.14
647143 647417 36726 0.19
655844 890829 36789 0.6
649643 653824 36813 0.18
653703 653980 36987 0.19
655523 651853 37074 0.18
658385 857801 37124 0.14
660183 660463 37248 0.19
662763 667035 37335 0.18
664287 913139 37348 0.10
666743 667026 37509 0.19
669243 673561 37596 0.18
670995 869679 37646 0.14
674323 686797 37770 0.19
677604 923591 37833 0.6
675803 680167 37857 0.18
679863 680152 38031 0.19
682363 686773 38118 0.18
684035 887127 38168 0.14
686343 686635 38292 0.19
688243 684374 38379 0.18
690447 950196 38392 0.10
692903 693198 38553 0.19
695403 699904 38640 0.18
697155 904575 38690 0.14
699463 699761 38814 0.19
703339 957640 38877 0.6
701283 697334 38901 0.18
706023 706324 39075 0.19
708523 713116 39162 0.18
710195 922023 39212 0.14
712503 712807 39336 0.19
714403 710375 39423 0.18
716607 987253 39436 0.10
719063 719370 39597 0.19
721563 726247 39684 0.18
723315 939471 39734 0.14
725623 725933 39858 0.19
729499 994697 39921 0.6
727443 723335 39945 0.18
732183 732496 40119 0.19
734683 739459 40206 0.18
736355 956919 40256 0.14
738663 738979 40380 0.19
741243 746065 40467 0.18
743107 1027658 40480 0.10
746243 760161 40641 0.19
747723 752590 40728 0.18
749475 974367 40778 0.14
751783 752105 40902 0.19
756084 1035206 40965 0.6
754283 759196 40989 0.18
758343 758668 41163 0.19
760163 755856 41250 0.18
762515 991815 41300 0.14
764823 765151 41424 0.19
767403 772408 41511 0.18
769267 1064916 41524 0.10
769223 769553 41685 0.19
769923 765557 41772 0.18
776145 1015860 41822 0.14
772503 772835 41946 0.19
782244 1072384 42009 0.6
773883 778933 42033 0.18
775783 776116 42207 0.19
776483 772077 42294 0.18
789185 1033422 42344 0.14
778983 779318 42468 0.19
780443 785539 42555 0.18
795427 1102094 42568 0.10
782263 782599 42729 0.19
783043 778597 42816 0.18
797905 1046553 42866 0.14
785543 785881 42990 0.19
808404 1109562 43053 0.6
787003 792145 43077 0.18
788823 789162 43251 0.19
790283 795448 43338 0.18
803955 1050722 43388 0.14
793123 807982 43512 0.19
793563 798751 43599 0.18
820127 1134441 43612 0.10
795383 795725 43773 0.19
796763 801973 43860 0.18
810515 1061607 43910 0.14
798663 799007 44034 0.19
834139 1143005 44097 0.6
799363 794818 44121 0.18
801943 802288 44295 0.19
803323 808579 44382 0.18
816995 1072492 44432 0.14
805143 805490 44556 0.19
805923 801338 44643 0.18
833247 1158452 44656 0.10
808423 808771 44817 0.19
809883 815185 44904 0.18
823555 1083377 44954 0.14
811703 812053 45078 0.19
852699 1172538 45141 0.6
812483 807858 45165 0.18
814983 815334 45339 0.19
816443 821791 45426 0.18
830115 1094342 45476 0.14
818263 818616 45600 0.19
819043 814378 45687 0.18
846627 1186327 45700 0.10
821543 821897 45861 0.19
822923 828316 45948 0.18
836675 1105227 45998 0.14
824823 825179 46122 0.19
866164 1200379 46185 0.6
826203 831619 46209 0.18
829123 844705 46383 0.19
829483 834922 46470 0.18
843155 1116112 46520 0.14
831303 831662 46644 0.19
832763 838225 46731 0.18
859747 1210417 46744 0.10
834583 834943 46905 0.19
835363 830599 46992 0.18
850225 1134363 47042 0.14
837863 838225 47166 0.19
879284 1224469 47229 0.6
839323 844831 47253 0.18
841143 841506 47427 0.19
841923 837119 47514 0.18
856785 1145400 47564 0.14
844423 844788 47688 0.19
845883 851437 47775 0.18
872787 1234426 47788 0.10
847703 848069 47949 0.19
848403 843560 48036 0.18
863345 1156356 48086 0.14
850983 851351 48210 0.19
892324 1248478 48273 0.6
852363 857962 48297 0.18
854263 854632 48471 0.19
854963 850080 48558 0.18
869315 1159732 48608 0.14
858483 874654 48732 0.19
858923 864568 48819 0.18
885567 1254416 48832 0.10
860743 861115 48993 0.19
862203 867871 49080 0.18
875875 1170617 49130 0.14
864023 864397 49254 0.19
905019 1268502 49317 0.6
865483 871174 49341 0.18
867303 867678 49515 0.19
868763 874477 49602 0.18
882435 1181583 49652 0.14
870583 870960 49776 0.19
871363 866380 49863 0.18
898607 1278427 49876 0.10
873863 874241 50037 0.19
875243 881003 50124 0.18
888995 1192468 50174 0.14
877143 877523 50298 0.19
918059 1292433 50361 0.6
877843 872821 50385 0.18
880423 880804 50559 0.19
895475 1203353 50696 0.14
881971 872577 50733 0.19
884743 885126 50907 0.19
912067 1306694 50920 0.10
886903 887287 51081 0.19
902035 1214238 51218 0.14
889143 889528 51255 0.19
931179 1316444 51405 0.6
891303 891689 51429 0.19
893874 918987 51603 0.19
907745 1228318 51653 0.14
894994 920140 51777 0.19
893463 893850 51951 0.19
925107 1330704 51964 0.10
912181 1237641 52001 0.14
894583 894971 52125 0.19
916548 1247148 52349 0.14
895011 885470 52386 0.19
944644 1344756 52449 0.6
895623 896011 52647 0.19
918355 1248013 52697 0.14
895623 896011 52821 0.20
936007 1352804 52834 0.10
895623 896011 52908 0.19
920595 1254656 53045 0.14
895623 896011 53082 0.20
895623 896011 53169 0.19
895623 896011 53343 0.20
895623 896011 53430 0.19
957764 1368926 53493 0.6
944367 1367828 53530 0.10
895623 896011 53604 0.20
895623 896011 53691 0.19
921635 1262260 53741 0.14
895623 896011 53865 0.20
895623 896011 53952 0.19
895623 896011 54126 0.20
966537 1389164 54189 0.6
895623 896011 54213 0.19
946607 1380954 54226 0.10
895623 896011 54387 0.20
896643 913580 54474 0.19
921854 1272296 54524 0.14
896643 913580 54648 0.20
895623 896011 54735 0.19
971499 1400403 54885 0.6
895623 896011 54909 0.20
895623 896011 54996 0.19
921635 1273145 55046 0.15
895623 896011 55170 0.20
895623 896011 55257 0.19
921988 1281076 55307 0.14
896743 897132 55431 0.20
896743 897132 55518 0.19
896743 897132 55692 0.20
897863 898252 55779 0.19
947647 1397282 55792 0.10
922145 1288072 55829 0.15
898903 899293 55953 0.20
973923 1418481 56016 0.6
898903 899293 56040 0.19
921805 1284661 56090 0.14
898903 899293 56214 0.20
898903 899293 56301 0.19
898903 899293 56475 0.20
898903 899293 56562 0.19
922755 1288432 56612 0.15
898903 899293 56736 0.20
898903 899293 56823 0.19
924045 1295650 56873 0.14
898903 899293 56997 0.20
898903 899293 57084 0.19
898903 899293 57258 0.20
899923 916926 57345 0.19
947926 1416265 57358 0.10
924915 1300437 57395 0.15
899923 916926 57519 0.20
973855 1433055 57582 0.6
898903 899293 57606 0.19
924745 1300798 57656 0.14
898903 899293 57780 0.20
898903 899293 57867 0.19
898903 899293 58041 0.20
898903 899293 58128 0.19
925425 1318765 58178 0.15
898903 899293 58302 0.20
898903 899293 58389 0.19
925085 1316345 58439 0.14
898903 899293 58563 0.20
898903 899293 58650 0.19
898903 899293 58824 0.20
898903 899293 58911 0.19
951154 1440752 58924 0.10
924915 1320046 58961 0.15
898903 899293 59085 0.20
977095 1454491 59148 0.6
900023 900413 59172 0.19
925085 1325088 59222 0.14
900023 900413 59346 0.20
900023 900413 59433 0.19
901063 901454 59607 0.20
902183 902574 59694 0.19
924915 1326609 59744 0.15
903203 920272 59868 0.20
902183 902574 59955 0.19
925085 1331665 60005 0.14
902183 902574 60129 0.20
903203 920272 60216 0.19
902183 902574 60390 0.20
902183 902574 60477 0.19
951154 1460404 60490 0.10
926035 1334213 60527 0.15
903303 903695 60651 0.20
977223 1477730 60714 0.6
903303 903695 60738 0.19
928365 1341531 60788 0.14
904343 904735 60912 0.20
904343 904735 60999 0.19
905463 905856 61173 0.20
905463 905856 61260 0.19
928195 1342937 61310 0.15
906583 906976 61434 0.20
906583 906976 61521 0.19
929485 1349151 61571 0.14
906583 906976 61695 0.20
906583 906976 61782 0.19
907623 908017 61956 0.20
907623 908017 62043 0.19
954434 1479013 62056 0.10
930865 1360495 62093 0.15
908743 909137 62217 0.20
978343 1495216 62280 0.6
908743 909137 62304 0.19
931645 1357894 62354 0.14
908743 909137 62478 0.20
909783 910178 62565 0.19
910803 928024 62739 0.20
910903 911298 62826 0.19
933635 1361505 62876 0.15
912023 912419 63000 0.20
913043 930309 63087 0.19
934925 1367760 63137 0.14
913063 913459 63261 0.20
914183 914580 63348 0.19
915303 915700 63522 0.20
915303 915700 63609 0.19
958834 1498665 63622 0.10
935795 1370149 63659 0.15
915303 915700 63783 0.20
982663 1514948 63846 0.6
915303 915700 63870 0.19
938205 1377626 63920 0.14
916343 916741 64044 0.20
916343 916741 64131 0.19
917463 917861 64305 0.20
917463 917861 64392 0.19
940705 1390141 64442 0.15
918503 918902 64566 0.20
918503 918902 64653 0.19
941485 1387412 64703 0.14
919623 920022 64827 0.20
919623 920022 64914 0.19
919623 920022 65088 0.20
964274 1520562 65188 0.10
943475 1390959 65225 0.15
920131 910306 65262 0.20
986779 1531263 65412 0.6
922274 948235 65436 0.20
943645 1396155 65486 0.14
923314 949306 65610 0.20
921783 922183 65784 0.20
922903 923304 65958 0.20
945635 1399683 66008 0.15
922903 923304 66132 0.20
945635 1401844 66182 0.14
924023 924424 66306 0.20
924023 924424 66480 0.20
948101 1413850 66530 0.15
925063 925465 66654 0.20
947995 1414175 66704 0.14
970527 1540067 66754 0.10
925063 925465 66828 0.20
994663 1558663 66978 0.6
926183 926585 67002 0.20
948915 1416010 67052 0.15
926183 926585 67176 0.20
950035 1419292 67226 0.14
926183 926585 67350 0.20
926183 926585 67524 0.20
950035 1423694 67574 0.15
926183 926585 67698 0.20
951075 1426895 67748 0.14
926183 926585 67872 0.20
973932 1561629 67885 0.10
926183 926585 68046 0.20
952195 1432418 68096 0.15
926183 926585 68220 0.20
952195 1434579 68270 0.14
999074 1579569 68370 0.6
926183 926585 68394 0.20
926183 926585 68568 0.20
952195 1438901 68618 0.15
926183 926585 68742 0.20
952195 1441142 68792 0.14
926183 926585 68916 0.20
978350 1582648 68929 0.10
926183 926585 69090 0.20
952195 1445464 69140 0.15
926183 926585 69264 0.20
952705 1457086 69314 0.14
1002392 1599774 69414 0.6
926183 926585 69438 0.20
926183 926585 69612 0.20
952960 1466262 69662 0.15
926183 926585 69786 0.20
952705 1463692 69836 0.14
926183 926585 69960 0.20
978373 1599432 69973 0.10
926183 926585 70134 0.20
952960 1472890 70184 0.15
926183 926585 70308 0.20
952705 1470298 70358 0.14
1004219 1614101 70458 0.6
926183 926585 70482 0.20
926183 926585 70656 0.20
952195 1465073 70706 0.15
926183 926585 70830 0.20
952195 1467314 70880 0.14
927714 953838 71004 0.20
978547 1618493 71017 0.10
927714 953838 71178 0.20
952195 1471636 71228 0.15
926183 926585 71352 0.20
952195 1473797 71402 0.14
1004644 1635837 71502 0.6
926183 926585 71526 0.20
926183 926585 71700 0.20
952195 1478199 71750 0.15
926183 926585 71874 0.20
952195 1480360 71924 0.14
926183 926585 72048 0.20
978547 1634874 72061 0.10
926183 926585 72222 0.20
952195 1484762 72272 0.15
926183 926585 72396 0.20
952195 1486923 72446 0.14
1004644 1652218 72546 0.6
926183 926585 72570 0.20
926183 926585 72744 0.20
952195 1491245 72794 0.15
926183 926585 72918 0.20
952195 1493486 72968 0.14
926183 926585 73092 0.20
978547 1651255 73105 0.10
926183 926585 73266 0.20
952195 1497808 73316 0.15
926183 926585 73440 0.20
952195 1499969 73490 0.14
1004644 1668679 73590 0.6
926183 926585 73614 0.20
926183 926585 73788 0.20
952195 1504371 73838 0.15
926183 926585 73962 0.20
952195 1506532 74012 0.14
926183 926585 74136 0.20
978207 1662283 74149 0.10
926183 926585 74310 0.20
952195 1510934 74360 0.15
926183 926585 74484 0.20
952195 1511974 74534 0.14
1004219 1679571 74634 0.6
926183 926585 74658 0.20
926183 926585 74832 0.20
952960 1528980 74882 0.15
926183 926585 75006 0.20
952705 1525159 75056 0.14
926183 926585 75180 0.20
978207 1678611 75193 0.10
926183 926585 75354 0.20
952960 1532293 75404 0.15
926183 926585 75528 0.20
952705 1528462 75578 0.14
1004219 1695979 75678 0.6
926183 926585 75702 0.20
926183 926585 75876 0.20
952195 1520698 75926 0.15
926183 926585 76050 0.20
952705 1531765 76100 0.14
926183 926585 76224 0.20
978547 1695097 76237 0.10
926183 926585 76398 0.20
952195 1523980 76448 0.15
952195 1525100 76622 0.14
926795 937486 76659 0.20
1004219 1710145 76722 0.6
927203 944754 76920 0.20
952195 1527261 76970 0.15
926183 926585 77094 0.21
952195 1528382 77144 0.14
926183 926585 77181 0.20
978547 1704894 77281 0.10
926183 926585 77355 0.21
926183 926585 77442 0.20
952195 1530543 77492 0.15
926183 926585 77616 0.21
926183 926585 77703 0.20
952437 1536325 77753 0.14
1004644 1725611 77766 0.6
926183 926585 77877 0.21
926183 926585 77964 0.20
926183 926585 78138 0.21
926183 926585 78225 0.20
952501 1539839 78275 0.15
978547 1714771 78325 0.10
926183 926585 78399 0.21
926183 926585 78486 0.20
952195 1534865 78536 0.14
926183 926585 78660 0.21
926183 926585 78747 0.20
1004644 1735327 78810 0.6
926183 926585 78921 0.21
926183 926585 79008 0.20
952195 1537106 79058 0.15
926183 926585 79182 0.21
926183 926585 79269 0.20
952379 1541766 79319 0.14
927203 944754 79443 0.21
926183 926585 79530 0.20
926183 926585 79704 0.21
927203 944754 79791 0.20
978357 1721496 79804 0.10
952195 1540307 79841 0.15
926183 926585 79965 0.21
1004622 1744904 80028 0.6
926183 926585 80052 0.20
952025 1538070 80102 0.14
926183 926585 80226 0.21
926183 926585 80313 0.20
926183 926585 80487 0.21
926183 926585 80574 0.20
952705 1553678 80624 0.15
926183 926585 80748 0.21
926183 926585 80835 0.20
952365 1549198 80885 0.14
926183 926585 81009 0.21
926183 926585 81096 0.20
926183 926585 81270 0.21
926183 926585 81357 0.20
978338 1730958 81370 0.10
952195 1550152 81407 0.15
926183 926585 81531 0.21
1004219 1749363 81594 0.6
926183 926585 81618 0.20
952365 1555695 81668 0.14
926183 926585 81792 0.21
926183 926585 81879 0.20
926183 926585 82053 0.21
927203 944754 82140 0.20
952195 1556715 82190 0.15
927203 944754 82314 0.21
926183 926585 82401 0.20
952365 1562272 82451 0.14
926183 926585 82575 0.21
926183 926585 82662 0.20
926183 926585 82836 0.21
926183 926585 82923 0.20
978323 1746017 82936 0.10
952195 1563278 82973 0.15
926183 926585 83097 0.21
1004525 1765513 83160 0.6
926183 926585 83184 0.20
952365 1568849 83234 0.14
926183 926585 83358 0.21
926183 926585 83445 0.20
926183 926585 83619 0.21
926183 926585 83706 0.20
952195 1569761 83756 0.15
926183 926585 83880 0.21
926183 926585 83967 0.20
952365 1575427 84017 0.14
926183 926585 84141 0.21
926183 926585 84228 0.20
926183 926585 84402 0.21
926183 926585 84489 0.20
978434 1764244 84502 0.10
952705 1586627 84539 0.15
926183 926585 84663 0.21
1004503 1781569 84726 0.6
926183 926585 84750 0.20
952365 1581924 84800 0.14
926183 926585 84924 0.21
927203 944754 85011 0.20
927203 944754 85185 0.21
926183 926585 85272 0.20
952195 1582887 85322 0.15
926183 926585 85446 0.21
926183 926585 85533 0.20
952365 1588501 85583 0.14
926183 926585 85707 0.21
926183 926585 85794 0.20
926183 926585 85968 0.21
926183 926585 86055 0.20
978434 1780687 86068 0.10
952195 1589450 86105 0.15
926183 926585 86229 0.21
1004503 1798013 86292 0.6
926183 926585 86316 0.20
952365 1595079 86366 0.14
926183 926585 86490 0.21
926183 926585 86577 0.20
926183 926585 86751 0.21
926183 926585 86838 0.20
952705 1606364 86888 0.15
926183 926585 87012 0.21
926183 926585 87099 0.20
952365 1601656 87149 0.14
926183 926585 87273 0.21
926183 926585 87360 0.20
926183 926585 87534 0.21
926183 926585 87621 0.20
978434 1797050 87634 0.10
952195 1602496 87671 0.15
926183 926585 87795 0.21
1004219 1810432 87858 0.6
927203 944754 87882 0.20
952365 1608153 87932 0.14
927203 944754 88056 0.21
926183 926585 88143 0.20
926183 926585 88317 0.21
926183 926585 88404 0.20
952195 1609059 88454 0.15
926183 926585 88578 0.21
926183 926585 88665 0.20
952365 1614730 88715 0.14
926183 926585 88839 0.21
926183 926585 88926 0.20
926183 926585 89100 0.21
926183 926585 89187 0.20
978207 1809551 89200 0.10
952705 1626182 89237 0.15
926183 926585 89361 0.21
1004503 1830819 89424 0.6
926183 926585 89448 0.20
952365 1621308 89498 0.14
926183 926585 89622 0.21
926183 926585 89709 0.20
926183 926585 89883 0.21
926183 926585 89970 0.20
952195 1622105 90020 0.15
926183 926585 90144 0.21
926183 926585 90231 0.20
952365 1627885 90281 0.14
926183 926585 90405 0.21
926183 926585 90492 0.20
926183 926585 90666 0.21
927203 944754 90753 0.20
978434 1829857 90766 0.10
952195 1628668 90803 0.15
927203 944754 90927 0.21
1004503 1847102 90990 0.6
926183 926585 91014 0.20
952025 1627276 91064 0.14
926183 926585 91188 0.21
926183 926585 91275 0.20
926183 926585 91449 0.21
926183 926585 91536 0.20
952705 1645919 91586 0.15
926183 926585 91710 0.21
926183 926585 91797 0.20
952365 1640959 91847 0.14
926183 926585 91971 0.21
926183 926585 92058 0.20
926183 926585 92232 0.21
926183 926585 92319 0.20
978434 1846300 92332 0.10
952195 1641794 92369 0.15
926183 926585 92493 0.21
1004503 1863545 92556 0.6
926183 926585 92580 0.20
952365 1647537 92630 0.14
926183 926585 92754 0.21
926183 926585 92841 0.20
926183 926585 93015 0.21
926183 926585 93102 0.20
952195 1648277 93152 0.15
927203 944754 93276 0.21
926183 926585 93363 0.20
952365 1654114 93413 0.14
926183 926585 93537 0.21
927203 944754 93624 0.20
926183 926585 93798 0.21
926183 926585 93885 0.20
978434 1862583 93898 0.10
952195 1654840 93935 0.15
926183 926585 94059 0.21
1004503 1879908 94122 0.6
926183 926585 94146 0.20
952365 1660611 94196 0.14
926183 926585 94320 0.21
926183 926585 94407 0.20
926183 926585 94581 0.21
926183 926585 94668 0.20
952195 1661403 94718 0.15
926183 926585 94842 0.21
926183 926585 94929 0.20
952365 1667188 94979 0.14
926183 926585 95103 0.21
926183 926585 95190 0.20
926183 926585 95364 0.21
926183 926585 95451 0.20
978434 1879026 95464 0.10
952705 1678868 95501 0.15
926183 926585 95625 0.21
1004503 1896352 95688 0.6
926183 926585 95712 0.20
952365 1673766 95762 0.14
926183 926585 95886 0.21
926183 926585 95973 0.20
927203 944754 96147 0.21
926183 926585 96234 0.20
952195 1674449 96284 0.15
926183 926585 96408 0.21
927203 944754 96495 0.20
952365 1680343 96545 0.14
926183 926585 96669 0.21
926183 926585 96756 0.20
926183 926585 96930 0.21
926183 926585 97017 0.20
978434 1895389 97030 0.10
952195 1681012 97067 0.15
926183 926585 97191 0.21
1004503 1912715 97254 0.6
926183 926585 97278 0.20
952365 1686840 97328 0.14
926183 926585 97452 0.21
926183 926585 97539 0.20
926183 926585 97713 0.21
926183 926585 97800 0.20
952705 1698605 97850 0.15
926183 926585 97974 0.21
926183 926585 98061 0.20
952365 1693417 98111 0.14
926183 926585 98235 0.21
926183 926585 98322 0.20
926183 926585 98496 0.21
926183 926585 98583 0.20
978434 1911832 98596 0.10
952195 1694138 98633 0.15
926183 926585 98757 0.21
1004219 1924964 98820 0.6
952365 1699995 98894 0.14
926795 937486 98931 0.21
926183 926585 99105 0.21
926183 926585 99279 0.21
952195 1700621 99416 0.15
926183 926585 99453 0.21
926183 926585 99627 0.21
952025 1699152 99677 0.14
926183 926585 99801 0.21
926183 926585 99975 0.21
952769 1719737 100025 0.15
926183 926585 100149 0.21
978207 1924004 100162 0.10
952578 1717724 100199 0.14
926183 926585 100323 0.21
1004503 1945521 100386 0.6
926183 926585 100497 0.21
952548 1721502 100547 0.15
926183 926585 100671 0.21
952414 1720715 100721 0.14
926183 926585 100845 0.21
926183 926585 101019 0.21
952195 1720310 101069 0.15
926183 926585 101193 0.21
952705 1733729 101243 0.14
926183 926585 101367 0.21
978452 1944977 101380 0.10
926183 926585 101541 0.21
952195 1726793 101591 0.15
927714 953838 101715 0.21
952195 1729034 101765 0.14
1004652 1964218 101865 0.6
927714 953838 101889 0.21
926183 926585 102063 0.21
952195 1731195 102113 0.15
926183 926585 102237 0.21
952195 1732236 102287 0.14
926183 926585 102411 0.21
978486 1961971 102424 0.10
926183 926585 102585 0.21
952195 1734477 102635 0.15
926183 926585 102759 0.21
952195 1735517 102809 0.14
1004708 1981358 102909 0.6
926183 926585 102933 0.21
926183 926585 103107 0.21
952195 1737758 103157 0.15
926183 926585 103281 0.21
952195 1738799 103331 0.14
926183 926585 103455 0.21
978529 1974839 103468 0.10
926183 926585 103629 0.21
952195 1740960 103679 0.15
926183 926585 103803 0.21
952195 1742080 103853 0.14
1004406 1992088 103953 0.6
926183 926585 103977 0.21
926183 926585 104151 0.21
952195 1744241 104201 0.15
926183 926585 104325 0.21
952195 1745362 104375 0.14
926183 926585 104499 0.21
978207 1978509 104512 0.10
926183 926585 104673 0.21
952195 1747523 104723 0.15
926183 926585 104847 0.21
952195 1748643 104897 0.14
1004219 1999078 104997 0.6
926183 926585 105021 0.21
926183 926585 105195 0.21
952195 1750804 105245 0.15
926183 926585 105369 0.21
952705 1763375 105419 0.14
926183 926585 105543 0.21
978207 1988353 105556 0.10
926183 926585 105717 0.21
952960 1771283 105767 0.15
926183 926585 105891 0.21
952705 1766678 105941 0.14
1004219 2008923 106041 0.6
926183 926585 106065 0.21
926183 926585 106239 0.21
952960 1774596 106289 0.15
926183 926585 106413 0.21
952705 1769900 106463 0.14
926183 926585 106587 0.21
978547 2004648 106600 0.10
926183 926585 106761 0.21
952195 1760649 106811 0.15
926183 926585 106935 0.21
952195 1761689 106985 0.14
1004219 2018687 107085 0.6
926183 926585 107109 0.21
927714 953838 107283 0.21
952195 1763930 107333 0.15
927714 953838 107457 0.21
952195 1764971 107507 0.14
926183 926585 107631 0.21
978547 2014524 107644 0.10
926183 926585 107805 0.21
952195 1767132 107855 0.15
926183 926585 107979 0.21
952195 1768252 108029 0.14
1004644 2035161 108129 0.6
926183 926585 108153 0.21
926183 926585 108327 0.21
952195 1770413 108377 0.15
926183 926585 108501 0.21
952195 1771534 108551 0.14
926183 926585 108675 0.21
978547 2024401 108688 0.10
926183 926585 108849 0.21
952195 1773695 108899 0.15
926183 926585 109023 0.21
952195 1774815 109073 0.14
1004644 2045038 109173 0.6
926183 926585 109197 0.21
926183 926585 109371 0.21
952195 1776976 109421 0.15
926183 926585 109545 0.21
952195 1778097 109595 0.14
926183 926585 109719 0.21
978207 2027651 109732 0.10
926183 926585 109893 0.21
952195 1780258 109943 0.15
926183 926585 110067 0.21
952195 1781378 110117 0.14
1004644 2054914 110217 0.6
926183 926585 110241 0.21
926183 926585 110415 0.21
952195 1783539 110465 0.15
926183 926585 110589 0.21
952195 1784580 110639 0.14
926183 926585 110763 0.21
978207 2037416 110776 0.10
926183 926585 110937 0.21
952960 1804339 110987 0.15
926183 926585 111111 0.21
952705 1799546 111161 0.14
1004219 2057905 111261 0.6
926183 926585 111285 0.21
926183 926585 111459 0.21
952960 1807652 111509 0.15
926183 926585 111633 0.21
952705 1802849 111683 0.14
926183 926585 111807 0.21
978207 2047260 111820 0.10
926183 926585 111981 0.21
952195 1793304 112031 0.15
926183 926585 112155 0.21
952705 1806152 112205 0.14
1004219 2067750 112305 0.6
926183 926585 112329 0.21
926183 926585 112503 0.21
952195 1796585 112553 0.15
926183 926585 112677 0.21
952195 1797706 112727 0.14
927714 953838 112851 0.21
978547 2063747 112864 0.10
927714 953838 113025 0.21
952195 1799867 113075 0.15
926183 926585 113199 0.21
952195 1800987 113249 0.14
1004644 2084384 113349 0.6
926183 926585 113373 0.21
926183 926585 113547 0.21
952195 1803148 113597 0.15
926183 926585 113721 0.21
952195 1804269 113771 0.14
926183 926585 113895 0.21
978547 2073624 113908 0.10
926183 926585 114069 0.21
952195 1806430 114119 0.15
926183 926585 114243 0.21
952195 1807550 114293 0.14
1004644 2094260 114393 0.6
926183 926585 114417 0.21
926183 926585 114591 0.21
952195 1809711 114641 0.15
926183 926585 114765 0.21
952195 1810752 114815 0.14
926183 926585 114939 0.21
978547 2083420 114952 0.10
926183 926585 115113 0.21
952195 1812993 115163 0.15
926183 926585 115287 0.21
952195 1814033 115337 0.14
1004644 2104057 115437 0.6
926183 926585 115461 0.21
926183 926585 115635 0.21
952195 1816274 115685 0.15
926183 926585 115809 0.21
952195 1817315 115859 0.14
926183 926585 115983 0.21
978207 2086478 115996 0.10
926183 926585 116157 0.21
952195 1819476 116207 0.15
926183 926585 116331 0.21
952195 1820596 116381 0.14
1004219 2107048 116481 0.6
926183 926585 116505 0.21
926183 926585 116679 0.21
952960 1840627 116729 0.15
926183 926585 116853 0.21
952705 1835798 116903 0.14
926183 926585 117027 0.21
978207 2096323 117040 0.10
926183 926585 117201 0.21
952960 1843941 117251 0.15
926183 926585 117375 0.21
952705 1839101 117425 0.14
1004219 2116892 117525 0.6
926183 926585 117549 0.21
926183 926585 117723 0.21
952195 1829320 117773 0.15
926183 926585 117897 0.21
952705 1842404 117947 0.14
926183 926585 118071 0.21
978547 2113050 118084 0.10
926183 926585 118245 0.21
952195 1832602 118295 0.15
927714 953838 118419 0.21
952195 1833722 118469 0.14
1004644 2133687 118569 0.6
927714 953838 118593 0.21
952195 1835883 118817 0.15
926280 928304 118854 0.18
952195 1836924 118991 0.14
978547 2122847 119128 0.10
926276 928233 119202 0.18
952195 1839165 119339 0.15
952195 1840205 119513 0.14
926280 928299 119550 0.18
1004644 2143403 119613 0.6
952613 1852299 119774 0.15
952465 1849866 119948 0.14
952705 1857711 120122 0.15
978547 2132723 120172 0.10
952501 1854010 120296 0.14
952195 1848929 120470 0.15
952548 1858421 120644 0.14
1004644 2153280 120657 0.6
952195 1852211 120818 0.15
951778 1843420 120905 0.14
978207 2135541 121042 0.10
951540 1838789 121079 0.15
952195 1854372 121166 0.14
952195 1854372 121340 0.15
951685 1842252 121427 0.14
952195 1854372 121601 0.15
952705 1866492 121688 0.14
1004219 2156110 121701 0.6
978207 2145385 121738 0.10
952195 1854372 121862 0.15
951685 1842252 121949 0.14
953725 1890732 122123 0.15
952705 1866492 122210 0.14
978207 2151868 122260 0.10
952195 1854372 122384 0.15
1004219 2165955 122397 0.6
952705 1866492 122471 0.14
951540 1838789 122732 0.15
978207 2155150 122782 0.10
953113 1876188 122819 0.14
926316 928955 122856 0.18
1004503 2180460 123006 0.6
952195 1854372 123080 0.15
952613 1864288 123167 0.14
926249 927745 123291 0.18
978887 2172539 123304 0.10
952195 1854372 123341 0.16
952195 1854372 123428 0.15
927291 928838 123465 0.18
952195 1854372 123515 0.14
1004584 2185105 123528 0.6
952195 1854372 123689 0.16
952195 1854372 123776 0.15
978529 2168406 123913 0.10
951842 1845981 123950 0.14
1004622 2189039 124050 0.6
951685 1842252 124124 0.16
952705 1866492 124211 0.15
952195 1854372 124385 0.14
1004219 2185564 124572 0.6
952818 1845490 124646 0.16
953653 1865334 124733 0.15
952929 1848136 124820 0.14
954153 1877241 124994 0.16
978678 2175836 125044 0.10
953235 1855412 125081 0.15
953891 1871004 125168 0.14
1004219 2188765 125268 0.6
954383 1882698 125342 0.16
953235 1855412 125429 0.15
953588 1863808 125516 0.14
953235 1855412 125690 0.16
953235 1855412 125777 0.15
954000 1873602 125864 0.14
979247 2170357 125914 0.10
953235 1855412 126038 0.16
953235 1855412 126125 0.15
953235 1855412 126212 0.14
953235 1855412 126386 0.16
953235 1855412 126473 0.15
1005523 2199781 126573 0.6
952580 1839820 126647 0.16
953891 1871004 126734 0.15
927356 929998 126858 0.18
953235 1855412 126908 0.16
979422 2179456 126958 0.10
953235 1855412 126995 0.15
953235 1855412 127169 0.16
953235 1855412 127256 0.15
1005506 2202702 127269 0.6
927427 931264 127380 0.18
953235 1855412 127430 0.16
953235 1855412 127517 0.15
927411 930967 127554 0.18
979458 2183501 127567 0.10
954765 1891793 127691 0.16
953235 1855412 127778 0.15
953891 1871004 128039 0.16
980557 2190908 128096 0.11
953891 1871004 128126 0.15
952580 1839820 128300 0.16
1005478 2206634 128313 0.6
979247 2185644 128350 0.10
927319 929338 128424 0.19
953235 1855412 128474 0.15
953235 1855412 128735 0.16
927323 929410 128772 0.19
953235 1855412 128822 0.15
1005259 2206213 128835 0.6
979513 2196690 128959 0.10
953235 1855412 128996 0.16
953891 1871004 129083 0.15
953235 1855412 129257 0.16
927223 927626 129294 0.19
953235 1855412 129344 0.15
953891 1871004 129605 0.16
1005543 2219763 129618 0.6
927223 927626 129642 0.19
980424 2201223 129662 0.11
952580 1839820 129692 0.15
979474 2204603 129916 0.10
953235 1855412 129953 0.16
953235 1855412 130040 0.15
927223 927626 130164 0.19
952580 1839820 130214 0.16
1005955 2232254 130227 0.6
953235 1855412 130388 0.15
927223 927626 130512 0.19
979492 2210442 130525 0.10
953891 1871004 130562 0.16
954383 1882698 130736 0.15
954383 1882698 130910 0.16
927563 933689 130947 0.19
953891 1871004 130997 0.15
980424 2215413 131141 0.11
1005543 2232837 131184 0.6
953235 1855412 131258 0.16
927563 933689 131295 0.19
952580 1839820 131345 0.15
979458 2217425 131482 0.10
927223 927626 131556 0.18
953235 1855412 131606 0.16
953235 1855412 131693 0.15
952580 1839820 131867 0.16
1005259 2233426 131880 0.6
926945 922665 131904 0.19
953235 1855412 132041 0.15
927223 927626 132078 0.18
979492 2223599 132091 0.10
952580 1839820 132215 0.16
927223 927626 132339 0.19
953235 1855412 132389 0.15
953745 1867539 132650 0.16
953235 1855412 132737 0.15
980591 2232093 132794 0.11
1005259 2242150 132837 0.6
927502 932586 132861 0.19
953745 1867539 132998 0.16
979655 2235837 133135 0.10
953745 1867539 133172 0.15
927223 927626 133209 0.19
953745 1867539 133433 0.16
1005848 2257843 133446 0.6
953745 1867539 133520 0.15
953235 1855412 133694 0.16
927223 927626 133731 0.19
953891 1871004 133781 0.15
979474 2236286 133831 0.10
952580 1839820 134042 0.16
927223 927626 134079 0.19
953891 1871004 134129 0.15
953235 1855412 134390 0.16
953235 1855412 134477 0.15
1005769 2264120 134490 0.6
927223 927626 134601 0.19
980557 2242283 134621 0.11
953891 1871004 134651 0.16
953235 1855412 134825 0.15
927223 927626 134949 0.19
979433 2239812 134962 0.10
953891 1871004 134999 0.16
953235 1855412 135173 0.15
953235 1855412 135347 0.16
952580 1839820 135434 0.15
927835 938539 135471 0.19
979247 2239109 135571 0.10
953235 1855412 135695 0.16
952580 1839820 135782 0.15
928955 939673 135819 0.19
953235 1855412 136043 0.16
954383 1882698 136130 0.15
928003 922676 136254 0.19
980248 2243310 136274 0.11
953891 1871004 136304 0.16
1005642 2272826 136317 0.6
953891 1871004 136391 0.15
979445 2248810 136528 0.10
953891 1871004 136652 0.16
929463 929867 136689 0.19
952580 1839820 136739 0.15
954355 1856533 137000 0.16
954355 1856533 137087 0.15
979247 2247833 137224 0.10
955475 1857653 137348 0.16
955475 1857653 137435 0.15
954820 1842043 137609 0.16
955475 1857653 137783 0.15
1005409 2278550 137883 0.6
981368 2253155 137927 0.11
954820 1842043 137957 0.16
956131 1873264 138044 0.15
980775 2262111 138181 0.10
956131 1873264 138218 0.16
955475 1857653 138305 0.15
955475 1857653 138479 0.16
955475 1857653 138566 0.15
1005259 2280327 138579 0.7
955475 1857653 138740 0.16
957005 1894078 138827 0.15
981714 2262596 138877 0.10
957005 1894078 139001 0.16
955475 1857653 139088 0.15
955475 1857653 139262 0.16
955475 1857653 139349 0.15
982831 2269351 139406 0.11
955475 1857653 139523 0.16
1007763 2293695 139536 0.6
955475 1857653 139610 0.15
981487 2263120 139660 0.10
955475 1857653 139784 0.16
956515 1858694 139871 0.15
956515 1858694 140045 0.16
956515 1858694 140132 0.15
1007706 2297100 140145 0.7
981753 2272197 140182 0.10
957635 1859814 140306 0.16
957635 1859814 140393 0.15
957635 1859814 140567 0.16
957635 1859814 140654 0.15
982874 2279031 140711 0.11
957635 1859814 140828 0.16
957635 1859814 140915 0.15
1007644 2301528 140928 0.6
982527 2271764 140965 0.10
957635 1859814 141089 0.16
957635 1859814 141176 0.15
957635 1859814 141350 0.16
957635 1859814 141437 0.15
1007731 2307404 141450 0.7
983939 2282541 141487 0.10
957635 1859814 141611 0.16
959165 1896281 141698 0.15
959165 1896281 141872 0.16
957635 1859814 141959 0.15
984648 2280448 142016 0.11
957635 1859814 142133 0.16
957635 1859814 142220 0.15
1009965 2317462 142233 0.6
983647 2281608 142270 0.10
957635 1859814 142394 0.16
957635 1859814 142481 0.15
957635 1859814 142655 0.16
957635 1859814 142742 0.15
1010169 2325428 142755 0.7
983939 2291290 142792 0.10
957635 1859814 142916 0.16
957635 1859814 143003 0.15
957635 1859814 143177 0.16
957635 1859814 143264 0.15
984648 2289172 143321 0.11
957635 1859814 143438 0.16
957635 1859814 143525 0.15
1009659 2321786 143538 0.6
984157 2300514 143575 0.10
957635 1859814 143699 0.16
957635 1859814 143786 0.15
957635 1859814 143960 0.16
957635 1859814 144047 0.15
1010169 2335311 144060 0.7
983939 2298995 144097 0.10
957635 1859814 144221 0.16
957635 1859814 144308 0.15
957635 1859814 144482 0.16
959165 1896281 144569 0.15
985060 2305862 144626 0.11
959165 1896281 144743 0.16
957635 1859814 144830 0.15
1009829 2335721 144843 0.6
983647 2298016 144880 0.10
957635 1859814 145004 0.16
957635 1859814 145091 0.15
958755 1860935 145265 0.16
958755 1860935 145352 0.15
1009659 2337074 145365 0.7
983939 2307743 145402 0.10
958755 1860935 145526 0.16
959795 1861975 145613 0.15
959795 1861975 145787 0.16
959795 1861975 145874 0.15
985060 2314621 145931 0.11
959795 1861975 146048 0.16
959795 1861975 146135 0.15
1009829 2345578 146148 0.6
983647 2305619 146185 0.10
959795 1861975 146309 0.16
959795 1861975 146396 0.15
959795 1861975 146570 0.16
959795 1861975 146657 0.15
1009659 2346838 146670 0.7
986099 2317535 146707 0.10
959795 1861975 146831 0.16
959795 1861975 146918 0.15
959795 1861975 147092 0.16
959795 1861975 147179 0.15
986808 2315344 147236 0.11
959795 1861975 147353 0.16
961325 1898485 147440 0.15
1011289 2363755 147453 0.6
985807 2316504 147490 0.10
961325 1898485 147614 0.16
959795 1861975 147701 0.15
959795 1861975 147875 0.16
959795 1861975 147962 0.15
1012329 2369138 147975 0.7
986099 2326284 148012 0.10
959795 1861975 148136 0.16
960713 1883881 148310 0.16
959795 1861975 148484 0.16
986808 2324068 148541 0.11
959795 1861975 148658 0.16
1011989 2368499 148758 0.6
986317 2335581 148795 0.10
959795 1861975 148832 0.16
959795 1861975 149006 0.16
959795 1861975 149180 0.16
985807 2327389 149230 0.10
1012329 2379102 149280 0.7
959795 1861975 149354 0.16
959795 1861975 149528 0.16
987037 2336751 149585 0.11
959795 1861975 149702 0.16
985807 2332912 149752 0.10
959795 1861975 149876 0.16
959795 1861975 150050 0.16
1011989 2379398 150063 0.6
985399 2326952 150100 0.10
959795 1861975 150224 0.16
959795 1861975 150398 0.16
1011819 2380694 150411 0.7
986808 2340395 150455 0.11
959795 1861975 150572 0.16
985807 2340515 150622 0.10
960915 1863096 150746 0.16
960915 1863096 150920 0.16
1011819 2386136 150933 0.6
986682 2363492 150970 0.10
961955 1864136 151094 0.16
961955 1864136 151268 0.16
1011487 2384344 151281 0.7
987426 2361891 151325 0.11
961955 1864136 151442 0.16
986572 2366513 151492 0.10
961955 1864136 151616 0.16
961955 1864136 151790 0.16
1012038 2401050 151803 0.6
987802 2373420 151840 0.10
961955 1864136 151964 0.16
961955 1864136 152138 0.16
1012584 2415469 152151 0.7
989586 2372840 152195 0.11
961955 1864136 152312 0.16
987967 2359004 152362 0.10
961955 1864136 152486 0.16
961955 1864136 152660 0.16
1013449 2417429 152673 0.6
987967 2362285 152710 0.10
964251 1918964 152834 0.16
964251 1918964 153008 0.16
1014744 2427545 153021 0.7
988968 2366567 153065 0.11
961955 1864136 153182 0.16
987967 2367728 153232 0.10
961037 1842205 153443 0.16
1014489 2429401 153543 0.6
987967 2371009 153580 0.10
961955 1864136 153704 0.16
961955 1864136 153878 0.17
1013979 2424234 153891 0.7
988968 2375291 153935 0.11
961955 1864136 153965 0.16
987967 2375411 154102 0.10
961955 1864136 154139 0.17
961955 1864136 154226 0.16
961955 1864136 154400 0.17
1014489 2439285 154413 0.6
961955 1864136 154487 0.16
988375 2388021 154537 0.10
961955 1864136 154661 0.17
961955 1864136 154748 0.16
1013979 2434078 154761 0.7
961955 1864136 154922 0.17
961955 1864136 155009 0.16
989236 2388989 155066 0.11
961955 1864136 155183 0.17
961955 1864136 155270 0.16
1013979 2440641 155283 0.6
987967 2384135 155320 0.10
961955 1864136 155444 0.17
963485 1900688 155531 0.16
963485 1900688 155705 0.17
961955 1864136 155792 0.16
1013979 2444963 155805 0.7
987967 2387417 155842 0.10
961955 1864136 155966 0.17
961955 1864136 156053 0.16
961955 1864136 156227 0.17
961955 1864136 156314 0.16
988968 2391619 156371 0.11
961955 1864136 156488 0.17
961955 1864136 156575 0.16
1014198 2454524 156588 0.6
987967 2391739 156625 0.10
961955 1864136 156749 0.17
961955 1864136 156836 0.16
961955 1864136 157010 0.17
961955 1864136 157097 0.16
1014263 2460156 157110 0.7
988259 2401729 157147 0.10
961955 1864136 157271 0.17
961955 1864136 157358 0.16
961955 1864136 157532 0.17
961955 1864136 157619 0.16
988968 2400343 157676 0.11
961955 1864136 157793 0.17
961955 1864136 157880 0.16
1014362 2468530 157893 0.6
988477 2414401 157930 0.10
961955 1864136 158054 0.17
961955 1864136 158141 0.16
961955 1864136 158315 0.17
963485 1900688 158402 0.16
1014489 2475362 158415 0.7
988259 2414811 158452 0.10
963485 1900688 158576 0.17
961955 1864136 158663 0.16
961955 1864136 158837 0.17
961955 1864136 158924 0.16
989380 2424058 158981 0.11
961955 1864136 159098 0.17
961955 1864136 159185 0.16
1014149 2477731 159198 0.6
987967 2415750 159235 0.10
961955 1864136 159359 0.17
961955 1864136 159446 0.16
961955 1864136 159620 0.17
961955 1864136 159707 0.16
1013979 2480980 159720 0.7
988259 2427974 159757 0.10
961955 1864136 159881 0.17
961955 1864136 159968 0.16
961955 1864136 160142 0.17
961955 1864136 160229 0.16
989380 2437155 160286 0.11
961955 1864136 160403 0.17
961955 1864136 160490 0.16
1014149 2494080 160503 0.6
987967 2429916 160540 0.10
961955 1864136 160664 0.17
961955 1864136 160751 0.16
961955 1864136 160925 0.17
961955 1864136 161012 0.16
1013979 2497307 161025 0.7
988259 2442180 161062 0.10
961955 1864136 161186 0.17
963485 1900688 161273 0.16
963485 1900688 161447 0.17
961955 1864136 161534 0.16
988968 2441802 161591 0.11
961955 1864136 161708 0.17
961955 1864136 161795 0.16
1014149 2509307 161808 0.6
987967 2442962 161845 0.10
961955 1864136 161969 0.17
961955 1864136 162056 0.16
961955 1864136 162230 0.17
961955 1864136 162317 0.16
1014489 2522447 162330 0.7
988259 2455343 162367 0.10
961955 1864136 162491 0.17
961955 1864136 162578 0.16
961955 1864136 162752 0.17
961955 1864136 162839 0.16
988968 2454928 162896 0.11
961955 1864136 163013 0.17
961955 1864136 163100 0.16
1014489 2532250 163113 0.6
988477 2469254 163150 0.10
961955 1864136 163274 0.17
961955 1864136 163361 0.16
961955 1864136 163535 0.17
961955 1864136 163622 0.16
1014489 2538839 163635 0.7
988259 2469549 163672 0.10
961955 1864136 163796 0.17
961955 1864136 163883 0.16
961955 1864136 164057 0.17
963485 1900688 164144 0.16
989380 2478777 164201 0.11
963485 1900688 164318 0.17
961955 1864136 164405 0.16
1014149 2541043 164418 0.6
987967 2470255 164455 0.10
961955 1864136 164579 0.17
961955 1864136 164666 0.16
961955 1864136 164840 0.17
961955 1864136 164927 0.16
1013979 2544209 164940 0.7
988259 2482632 164977 0.10
961955 1864136 165101 0.17
961955 1864136 165188 0.16
961955 1864136 165362 0.17
961955 1864136 165449 0.16
989380 2491874 165506 0.11
961955 1864136 165623 0.17
961955 1864136 165710 0.16
1014149 2557392 165723 0.6
987967 2484421 165760 0.10
961955 1864136 165884 0.17
961955 1864136 165971 0.16
961955 1864136 166145 0.17
961955 1864136 166232 0.16
1013979 2560536 166245 0.7
988259 2496838 166282 0.10
961955 1864136 166406 0.17
961955 1864136 166493 0.16
963485 1900688 166667 0.17
961955 1864136 166754 0.16
988968 2496307 166811 0.11
961955 1864136 166928 0.17
963485 1900688 167015 0.16
1014149 2572619 167028 0.6
987967 2497547 167065 0.10
961955 1864136 167189 0.17
961955 1864136 167276 0.16
961955 1864136 167450 0.17
961955 1864136 167537 0.16
1014489 2586005 167550 0.7
988259 2510001 167587 0.10
961955 1864136 167711 0.17
961955 1864136 167798 0.16
961955 1864136 167972 0.17
961955 1864136 168059 0.16
988968 2509433 168116 0.11
961955 1864136 168233 0.17
961955 1864136 168320 0.16
1014149 2589048 168333 0.6
988477 2524026 168370 0.10
961955 1864136 168494 0.17
961955 1864136 168581 0.16
961955 1864136 168755 0.17
961955 1864136 168842 0.16
1014489 2602396 168855 0.7
988259 2524207 168892 0.10
961955 1864136 169016 0.17
961955 1864136 169103 0.16
961955 1864136 169277 0.17
961955 1864136 169364 0.16
989380 2533496 169421 0.11
963485 1900688 169538 0.17
961955 1864136 169625 0.16
1014149 2604355 169638 0.6
987967 2524760 169675 0.10
961955 1864136 169799 0.17
963485 1900688 169886 0.16
961955 1864136 170060 0.17
961955 1864136 170147 0.16
1013979 2607438 170160 0.7
987676 2523115 170197 0.10
961955 1864136 170321 0.17
961955 1864136 170408 0.16
961955 1864136 170582 0.17
961955 1864136 170669 0.16
989380 2546673 170726 0.11
961955 1864136 170843 0.17
961955 1864136 170930 0.16
1014149 2620704 170943 0.6
987967 2538926 170980 0.10
961955 1864136 171104 0.17
961955 1864136 171191 0.16
961955 1864136 171365 0.17
961955 1864136 171452 0.16
1013979 2623765 171465 0.7
988259 2551576 171502 0.10
961955 1864136 171626 0.17
961955 1864136 171713 0.16
961955 1864136 171887 0.17
961955 1864136 171974 0.16
988968 2550892 172031 0.11
961955 1864136 172148 0.17
963485 1900688 172235 0.16
1014489 2642893 172248 0.6
988477 2564562 172285 0.10
963485 1900688 172409 0.17
961955 1864136 172496 0.16
961955 1864136 172670 0.17
961955 1864136 172757 0.16
1014489 2649482 172770 0.7
988259 2564659 172807 0.10
961955 1864136 172931 0.17
961955 1864136 173018 0.16
961955 1864136 173192 0.17
961955 1864136 173279 0.16
988968 2563938 173336 0.11
961955 1864136 173453 0.17
961955 1864136 173540 0.16
1014149 2652359 173553 0.6
988477 2578798 173590 0.10
961955 1864136 173714 0.17
961955 1864136 173801 0.16
961955 1864136 173975 0.17
961955 1864136 174062 0.16
1013979 2655460 174075 0.7
988259 2578865 174112 0.10
961955 1864136 174236 0.17
961955 1864136 174323 0.16
961955 1864136 174497 0.17
961955 1864136 174584 0.16
989380 2588215 174641 0.11
961955 1864136 174758 0.17
961955 1864136 174845 0.16
1014149 2667666 174858 0.6
987967 2579345 174895 0.10
961955 1864136 175019 0.17
963485 1900688 175106 0.16
963485 1900688 175280 0.17
961955 1864136 175367 0.16
1013979 2670667 175380 0.7
987676 2577547 175417 0.10
961955 1864136 175541 0.17
961037 1842205 175715 0.17
961955 1864136 175889 0.17
988968 2591230 175946 0.11
961955 1864136 176063 0.17
1014149 2684015 176163 0.6
987967 2593511 176200 0.10
961955 1864136 176237 0.17
961955 1864136 176411 0.17
961955 1864136 176585 0.17
988579 2614242 176635 0.10
1014489 2697612 176685 0.7
961955 1864136 176759 0.17
961955 1864136 176933 0.17
989197 2611073 176990 0.11
961955 1864136 177107 0.17
988579 2621890 177157 0.10
961955 1864136 177281 0.17
961955 1864136 177455 0.17
1014489 2706370 177468 0.6
988375 2622243 177505 0.10
961955 1864136 177629 0.17
964251 1918964 177803 0.17
1014526 2713716 177816 0.7
989530 2632445 177860 0.11
964251 1918964 177977 0.17
987967 2620724 178027 0.10
961955 1864136 178151 0.17
961955 1864136 178325 0.17
1014362 2720103 178338 0.6
987967 2626166 178375 0.10
961955 1864136 178499 0.17
961955 1864136 178673 0.17
1014312 2725642 178686 0.7
988968 2631569 178730 0.11
961955 1864136 178847 0.17
987967 2631689 178897 0.10
961955 1864136 179021 0.17
961955 1864136 179195 0.17
1014198 2732077 179208 0.6
987967 2634890 179245 0.10
961955 1864136 179369 0.17
961955 1864136 179543 0.17
1013979 2733976 179556 0.7
988968 2639172 179600 0.11
961955 1864136 179717 0.17
987967 2640413 179767 0.10
961955 1864136 179891 0.17
961955 1864136 180065 0.17
1013979 2740539 180078 0.6
987967 2643614 180115 0.10
961955 1864136 180239 0.17
961955 1864136 180413 0.17
1013979 2744861 180426 0.7
988968 2647896 180470 0.11
961955 1864136 180587 0.17
987967 2648016 180637 0.10
961955 1864136 180761 0.17
961955 1864136 180935 0.17
1013979 2750303 180948 0.6
987967 2651298 180985 0.10
961955 1864136 181109 0.17
961955 1864136 181283 0.17
1013979 2754705 181296 0.7
988968 2655580 181340 0.11
961955 1864136 181457 0.17
987967 2656740 181507 0.10
961955 1864136 181631 0.17
961955 1864136 181805 0.17
1013979 2761188 181818 0.6
988842 2682375 181855 0.10
961955 1864136 181979 0.17
961955 1864136 182153 0.17
1013979 2765590 182166 0.7
989586 2679976 182210 0.11
961955 1864136 182327 0.17
988732 2683935 182377 0.10
961955 1864136 182501 0.17
961955 1864136 182675 0.17
1014489 2781980 182688 0.6
988842 2690042 182725 0.10
961955 1864136 182849 0.17
961955 1864136 183023 0.17
1014744 2791681 183036 0.7
989586 2687625 183080 0.11
961955 1864136 183197 0.17
987967 2673068 183247 0.10
964251 1918964 183371 0.17
964251 1918964 183545 0.17
1014489 2792908 183558 0.6
987967 2676349 183595 0.10
961955 1864136 183719 0.17
961955 1864136 183893 0.17
1014744 2802630 183906 0.7
988968 2680631 183950 0.11
961955 1864136 184067 0.17
987967 2680751 184117 0.10
961955 1864136 184241 0.17
961955 1864136 184415 0.17
1014489 2802711 184428 0.6
987967 2684033 184465 0.10
961955 1864136 184589 0.17
961955 1864136 184763 0.17
1013979 2796165 184776 0.7
988968 2688235 184820 0.11
961955 1864136 184937 0.17
987967 2689475 184987 0.10
961955 1864136 185111 0.17
961955 1864136 185285 0.17
1013979 2802647 185298 0.6
987967 2692757 185335 0.10
961955 1864136 185459 0.17
961955 1864136 185633 0.17
1013979 2807050 185646 0.7
988968 2696959 185690 0.11
961955 1864136 185807 0.17
987967 2697079 185857 0.10
961955 1864136 185981 0.17
961955 1864136 186155 0.17
1013979 2812492 186168 0.6
987967 2700360 186205 0.10
961955 1864136 186329 0.17
961955 1864136 186503 0.17
1013979 2816814 186516 0.7
988968 2704642 186560 0.11
961955 1864136 186677 0.17
987967 2705803 186727 0.10
961955 1864136 186851 0.17
961955 1864136 187025 0.17
1013979 2823377 187038 0.6
987967 2709084 187075 0.10
961955 1864136 187199 0.17
961955 1864136 187373 0.17
1013979 2827699 187386 0.7
989586 2729327 187430 0.11
961955 1864136 187547 0.17
988732 2733358 187597 0.10
961955 1864136 187721 0.17
961955 1864136 187895 0.17
1013979 2833222 187908 0.6
988842 2739517 187945 0.10
961955 1864136 188069 0.17
961955 1864136 188243 0.17
1014744 2854315 188256 0.7
989586 2736976 188300 0.11
961955 1864136 188417 0.17
988732 2742146 188467 0.10
961955 1864136 188591 0.17
961955 1864136 188765 0.17
1014489 2855260 188778 0.6
987967 2725412 188815 0.10
964251 1918964 188939 0.17
964251 1918964 189113 0.17
1014744 2865264 189126 0.7
988968 2729694 189170 0.11
961955 1864136 189287 0.17
987967 2729814 189337 0.10
961955 1864136 189461 0.17
961955 1864136 189635 0.17
1014489 2865143 189648 0.6
987967 2733096 189685 0.10
961955 1864136 189809 0.17
961955 1864136 189983 0.17
1013979 2858273 189996 0.7
988968 2737377 190040 0.11
961955 1864136 190157 0.17
987967 2738538 190207 0.10
961955 1864136 190331 0.17
961955 1864136 190505 0.17
1014489 2876071 190518 0.6
987967 2741820 190555 0.10
961955 1864136 190679 0.17
961955 1864136 190853 0.17
1013979 2869158 190866 0.7
988968 2746101 190910 0.11
961955 1864136 191027 0.17
987967 2746142 191077 0.10
961955 1864136 191201 0.17
961955 1864136 191375 0.17
1013979 2874601 191388 0.6
987967 2749423 191425 0.10
961955 1864136 191549 0.17
961955 1864136 191723 0.17
1013979 2879003 191736 0.7
961955 1864136 191897 0.17
988968 2755866 191954 0.11
961955 1864136 192071 0.17
987967 2755986 192121 0.10
961955 1864136 192245 0.17
1013979 2885486 192258 0.6
961955 1864136 192419 0.17
961955 1864136 192593 0.17
1013979 2889888 192606 0.7
987967 2761429 192643 0.10
961955 1864136 192767 0.17
961955 1864136 192941 0.17
988842 2787943 192991 0.12
961955 1864136 193115 0.17
989443 2779270 193172 0.11
936037 938028 193239 0.18
961955 1864136 193289 0.17
1013979 2897571 193302 0.6
988524 2782794 193339 0.10
961955 1864136 193463 0.17
961955 1864136 193637 0.17
988842 2793431 193687 0.12
961955 1864136 193811 0.17
1014617 2917244 193824 0.7
988579 2787575 193861 0.10
961955 1864136 193985 0.17
961955 1864136 194159 0.17
987967 2773434 194209 0.12
989409 2787137 194390 0.11
962873 1886067 194420 0.17
1014404 2920129 194520 0.6
988524 2790438 194557 0.10
962873 1886067 194594 0.17
961955 1864136 194768 0.17
987967 2777756 194905 0.12
961955 1864136 194942 0.17
1014526 2927187 195042 0.7
987967 2778877 195079 0.10
961955 1864136 195116 0.17
961955 1864136 195290 0.17
961955 1864136 195464 0.17
988375 2791944 195514 0.12
989181 2788804 195695 0.11
1014362 2929051 195738 0.6
988233 2790317 195862 0.10
988375 2796363 196210 0.12
1013715 2918931 196347 0.7
988259 2794285 196384 0.10
987497 2776102 196645 0.12
989197 2796842 196739 0.11
987967 2790882 196819 0.10
987287 2774788 196993 0.12
1014513 2942252 197043 0.6
987967 2794164 197080 0.10
988842 2819823 197254 0.12
988643 2789782 197348 0.11
987967 2798486 197428 0.10
1014243 2940581 197565 0.7
988842 2824181 197602 0.12
987967 2800647 197689 0.10
987093 2777112 197863 0.12
1014175 2944505 197913 0.6
988968 2801647 197957 0.11
987411 2785670 198037 0.10
1014344 2952640 198174 0.7
987093 2777112 198211 0.12
987967 2800647 198298 0.10
988842 2824181 198472 0.12
1013979 2949915 198522 0.6
989851 2825190 198566 0.11
988842 2824181 198646 0.10
1013979 2951996 198783 0.7
988842 2824181 198820 0.12
988842 2824181 198907 0.10
988842 2824181 199081 0.12
1013979 2954237 199131 0.6
988968 2802768 199175 0.11
988842 2825311 199255 0.10
1015072 2981242 199392 0.7
988842 2825311 199429 0.12
988213 2779334 199516 0.10
988213 2780445 199690 0.12
1014344 2966846 199740 0.6
990088 2805009 199784 0.11
989087 2804008 199951 0.12
1013979 2960720 200001 0.7
990311 2836996 200125 0.12
990088 2805009 200219 0.11
1014344 2972384 200349 0.6
987863 2772048 200386 0.12
987863 2772048 200560 0.12
1015099 2967363 200610 0.7
990088 2806049 200654 0.11
990311 2838049 200821 0.12
1015099 2970645 200871 0.6
990311 2838049 200995 0.12
1015099 2972806 201045 0.7
991324 2839061 201089 0.11
990311 2838049 201256 0.12
1015099 2975047 201306 0.6
990311 2838049 201430 0.12
1015099 2978248 201480 0.7
990088 2806049 201524 0.11
987863 2772048 201691 0.12
1015099 2980409 201741 0.6
987863 2772048 201865 0.12
1015099 2982570 201915 0.7
990088 2806049 201959 0.11
990311 2838049 202126 0.12
1015609 2996516 202176 0.6
990311 2839183 202300 0.12
1015099 2986972 202350 0.7
990088 2807170 202394 0.11
987863 2773155 202561 0.12
1015609 3000855 202611 0.6
987863 2773155 202735 0.12
1016629 3026486 202785 0.7
990088 2808290 202829 0.11
990311 2840317 202996 0.12
1015609 3005275 203046 0.6
990311 2840317 203170 0.12
1015099 2995696 203220 0.7
990088 2808290 203264 0.11
987863 2775291 203431 0.12
1015609 3010738 203481 0.6
987863 2775291 203605 0.12
1015099 3001139 203655 0.7
990088 2809331 203699 0.11
990311 2841369 203866 0.12
1014589 2992718 203916 0.6
990311 2841369 204040 0.12
1015099 3006661 204090 0.7
991324 2842382 204134 0.11
990311 2841369 204301 0.12
1015609 3020622 204351 0.6
990311 2841369 204475 0.12
1015099 3012024 204525 0.7
990088 2809331 204569 0.11
987863 2775291 204736 0.12
1014589 3002444 204786 0.6
987863 2775291 204910 0.12
1016629 3051913 204960 0.7
990088 2809331 205004 0.11
990311 2841369 205171 0.12
1015609 3030424 205221 0.6
990311 2841369 205345 0.12
1015099 3020748 205395 0.7
990088 2810451 205439 0.11
987863 2776398 205606 0.12
1015609 3034844 205656 0.6
937164 939283 205680 0.18
987863 2776398 205780 0.12
1015099 3025150 205830 0.7
990088 2811492 205874 0.11
990311 2843556 206041 0.12
1015609 3039183 206091 0.6
990311 2843556 206215 0.12
1015099 3028431 206265 0.7
937160 939216 206289 0.18
990088 2811492 206309 0.11
987863 2778534 206476 0.12
1015609 3042477 206526 0.6
990311 2844689 206650 0.12
1015099 3031713 206700 0.7
990088 2812612 206744 0.11
990311 2844689 206911 0.12
1014589 3021976 206961 0.6
987863 2778534 207085 0.12
1015099 3034914 207135 0.7
991324 2845702 207179 0.11
990311 2844689 207346 0.12
1015609 3047941 207396 0.6
990311 2844689 207520 0.12
1015099 3038276 207570 0.7
990088 2812612 207614 0.11
1015609 3051235 207831 0.6
989087 2811612 207868 0.12
1016629 3076207 208005 0.7
989087 2811612 208042 0.12
989526 2797571 208136 0.11
1015609 3053405 208266 0.6
989087 2811612 208390 0.12
1015099 3042598 208440 0.7
989087 2811612 208564 0.12
990088 2812612 208658 0.11
1015099 3043718 208788 0.6
987863 2779641 208825 0.12
937162 939253 208899 0.19
1014404 3028477 208962 0.7
987863 2779641 208999 0.12
990650 2828779 209093 0.11
1015099 3045879 209223 0.6
990311 2846876 209260 0.12
937155 939121 209334 0.19
990311 2846876 209434 0.12
1015099 3047000 209484 0.7
991324 2847888 209528 0.11
990311 2848010 209695 0.12
1015549 3059711 209745 0.6
990311 2848010 209869 0.12
1015795 3066593 209919 0.7
990088 2815894 209963 0.11
987863 2781777 210130 0.12
1015099 3052362 210180 0.6
987863 2781777 210304 0.12
1015099 3053483 210354 0.7
990088 2815894 210398 0.11
990311 2848010 210565 0.12
1015099 3054603 210615 0.6
990311 2848010 210739 0.12
1015099 3056764 210789 0.7
990088 2815894 210833 0.11
1015609 3069876 211050 0.6
989087 2814893 211087 0.12
1016629 3094994 211224 0.7
989087 2814893 211261 0.12
990088 2815894 211442 0.11
1015609 3072046 211485 0.6
989087 2814893 211609 0.12
1015099 3061166 211659 0.7
989087 2814893 211783 0.12
990088 2815894 211877 0.11
1015099 3062207 212007 0.6
988983 2782884 212044 0.12
1014404 3046946 212181 0.7
991431 2849143 212218 0.12
991208 2817014 212312 0.11
991431 2849143 212479 0.12
1014649 3053844 212529 0.6
990023 2783912 212653 0.12
1015099 3065488 212703 0.7
993484 2851208 212747 0.11
992471 2850196 212914 0.12
1016669 3078344 212964 0.6
992471 2850196 213088 0.12
1016915 3085261 213138 0.7
992248 2818055 213182 0.11
990023 2783912 213349 0.12
1017176 3092463 213399 0.6
990023 2783912 213523 0.12
1018789 3108193 213573 0.7
992248 2818055 213617 0.11
992471 2850196 213784 0.12
1017769 3085143 213834 0.6
992471 2850196 213958 0.12
1017259 3074212 214008 0.7
992248 2818055 214052 0.11
990023 2783912 214219 0.12
1017769 3087393 214269 0.6
990023 2783912 214393 0.12
1017259 3076373 214443 0.7
940439 942481 214467 0.19
992248 2818055 214487 0.11
992471 2850196 214654 0.12
1016749 3065425 214704 0.6
992471 2850196 214828 0.12
1017259 3078614 214878 0.7
940439 942481 214902 0.19
992248 2818055 214922 0.11
992471 2850196 215089 0.12
1017769 3091732 215139 0.6
992471 2850196 215263 0.12
1017259 3080775 215313 0.7
992248 2818055 215357 0.11
990023 2783912 215524 0.12
1016749 3069730 215574 0.6
991143 2785020 215698 0.12
1017259 3082936 215748 0.7
994604 2852342 215792 0.11
993591 2851330 215959 0.12
1017769 3096151 216009 0.6
993591 2851330 216133 0.12
1017259 3085097 216183 0.7
993368 2819175 216227 0.11
991143 2785020 216394 0.12
1017769 3098321 216444 0.6
1019909 3124794 216618 0.7
992367 2818175 216655 0.12
992806 2804099 216749 0.11
1018889 3101615 216879 0.6
993242 2841857 217003 0.12
1018379 3090620 217053 0.7
992367 2818175 217177 0.12
993368 2819175 217271 0.11
1018889 3103784 217314 0.6
991143 2785020 217438 0.12
1017684 3076242 217575 0.7
991143 2785020 217612 0.12
993930 2834251 217706 0.11
1018379 3093901 217836 0.6
993591 2851330 217873 0.12
993591 2851330 218047 0.12
1018379 3094942 218097 0.7
994604 2852342 218141 0.11
993591 2851330 218308 0.12
1018829 3106775 218358 0.6
993591 2851330 218482 0.12
1019075 3112619 218532 0.7
993368 2819175 218576 0.11
991143 2785020 218743 0.12
1018829 3106775 218793 0.6
991143 2785020 218917 0.12
1019909 3132487 218967 0.7
993368 2819175 219011 0.11
993591 2851330 219178 0.12
1018379 3096062 219228 0.6
993591 2851330 219352 0.12
1018379 3096062 219402 0.7
993368 2819175 219446 0.11
991143 2785020 219613 0.12
1018889 3108204 219663 0.6
991143 2785020 219787 0.12
1018379 3096062 219837 0.7
993368 2819175 219881 0.11
940439 942481 220035 0.19
993591 2851330 220048 0.12
1017869 3083921 220098 0.6
993591 2851330 220222 0.12
1018379 3096062 220272 0.7
993368 2819175 220316 0.11
991143 2785020 220483 0.12
1018889 3108204 220533 0.6
940485 943306 220557 0.19
993591 2851330 220657 0.12
1018379 3096062 220707 0.7
993368 2819175 220751 0.11
993591 2851330 220918 0.12
1017869 3083921 220968 0.6
991143 2785020 221092 0.12
1018379 3096062 221142 0.7
994604 2852342 221186 0.11
1018889 3108204 221403 0.6
992367 2818175 221440 0.12
1018379 3096062 221577 0.7
993242 2841857 221701 0.12
993368 2819175 221795 0.11
1018889 3108204 221838 0.6
991493 2794492 221962 0.13
1019909 3132487 222012 0.7
992367 2818175 222136 0.12
1018889 3108204 222273 0.6
992367 2818175 222310 0.13
992367 2818175 222397 0.12
992956 2808119 222491 0.11
1019075 3112619 222534 0.7
993047 2836594 222745 0.13
992367 2818175 222832 0.12
1018829 3106775 222882 0.6
992367 2818175 223006 0.13
992367 2818175 223093 0.12
993368 2819175 223187 0.11
1018379 3096062 223230 0.7
993242 2841857 223354 0.13
993242 2841857 223441 0.12
993242 2841857 223615 0.13
1018015 3087390 223665 0.6
993242 2841857 223702 0.12
993780 2830231 223796 0.11
1018379 3096062 223926 0.7
991493 2794492 223963 0.13
993242 2841857 224050 0.12
993242 2841857 224224 0.13
1018712 3103981 224274 0.6
991493 2794492 224311 0.12
994251 2842866 224405 0.11
1018889 3108204 224535 0.7
993242 2841857 224572 0.13
991493 2794492 224659 0.12
991493 2794492 224833 0.13
1018712 3103981 224883 0.6
993242 2841857 224920 0.12
993368 2819175 225014 0.11
1018379 3096062 225144 0.7
991493 2794492 225181 0.13
993242 2841857 225268 0.12
993242 2841857 225442 0.13
1018744 3104735 225492 0.6
991493 2794492 225529 0.12
993368 2819175 225623 0.11
1018379 3096062 225753 0.7
993242 2841857 225790 0.13
991493 2794492 225877 0.12
991493 2794492 226051 0.13
1018744 3104735 226101 0.6
993242 2841857 226138 0.12
994251 2842866 226232 0.11
993242 2841857 226399 0.13
993242 2841857 226486 0.12
993242 2841857 226660 0.13
1018379 3098223 226710 0.7
993242 2841857 226747 0.12
993368 2819175 226841 0.11
1018379 3099344 226971 0.6
991493 2793461 227008 0.13
993242 2839678 227095 0.12
993242 2837498 227269 0.13
991493 2789096 227356 0.12
993368 2812692 227450 0.11
1018744 3110193 227580 0.7
993242 2833059 227617 0.13
991493 2784810 227704 0.12
991493 2781556 227878 0.13
1018926 3115662 227928 0.6
993242 2826522 227965 0.12
993368 2801727 228059 0.11
1018744 3109149 228189 0.8
991493 2772905 228226 0.13
993242 2817644 228313 0.12
993242 2813286 228487 0.13
1018744 3105858 228537 0.7
991493 2764255 228574 0.12
993368 2786520 228668 0.11
1018626 3100895 228798 0.6
993242 2804488 228835 0.13
993242 2802309 228922 0.12
993242 2797951 229096 0.13
1018744 3095986 229146 0.8
993242 2795691 229183 0.12
994251 2794521 229277 0.11
1018015 3073343 229407 0.7
993242 2789073 229444 0.13
991493 2740445 229531 0.12
991493 2736080 229705 0.13
1018379 3074212 229755 0.6
993242 2780356 229792 0.12
993368 2755946 229886 0.11
1018744 3077366 230016 0.8
991493 2727509 230053 0.13
993242 2771478 230140 0.12
993242 2767120 230314 0.13
1018744 3069821 230364 0.7
991493 2718779 230401 0.12
993368 2740739 230495 0.11
1018626 3061522 230625 0.6
993242 2758323 230662 0.13
991493 2710208 230749 0.12
989333 2703700 230923 0.13
1018744 3056658 230973 0.8
989962 2746216 231010 0.12
988968 2720970 231104 0.11
1018744 3051201 231234 0.7
984933 2690684 231271 0.13
985642 2733061 231358 0.12
983402 2726362 231532 0.13
1018379 3034994 231582 0.6
980613 2677748 231619 0.12
981368 2698159 231713 0.11
1017624 3036914 231843 0.8
979082 2713287 231880 0.13
977962 2709897 231967 0.12
975802 2704489 232141 0.13
1013304 3024955 232191 0.7
974682 2702230 232228 0.12
974651 2699929 232322 0.11
1009906 3013489 232452 0.6
971402 2692302 232489 0.13
968613 2644256 232576 0.12
966453 2637748 232750 0.13
1005624 3004088 232800 0.8
967082 2679147 232837 0.12
966088 2654539 232931 0.11
1002424 2995419 233061 0.7
962053 2624732 233098 0.13
962682 2665910 233185 0.12
960522 2659292 233359 0.13
997659 2977208 233409 0.6
957733 2611796 233446 0.12
958488 2631649 233540 0.11
994744 2976799 233670 0.8
956202 2646137 233707 0.13
953333 2598780 233794 0.12
951173 2592352 233968 0.13
990424 2964760 234018 0.7
951802 2632900 234055 0.12
950888 2608758 234149 0.11
987026 2953428 234279 0.6
946773 2579336 234316 0.13
947482 2619745 234403 0.12
945242 2613126 234577 0.13
982015 2927525 234627 0.8
944202 2609898 234664 0.12
943208 2585788 234758 0.11
979464 2935224 234888 0.7
940922 2599971 234925 0.13
939802 2596662 235012 0.12
937642 2590044 235186 0.13
975257 2925816 235236 0.6
934773 2543622 235273 0.12
936491 2584515 235367 0.11
971864 2914436 235497 0.8
933322 2576888 235534 0.13
930453 2530686 235621 0.12
928293 2524178 235795 0.13
967544 2902477 235845 0.7
928922 2563652 235882 0.12
927928 2540007 235976 0.11
964146 2891121 236106 0.6
923893 2511162 236143 0.13
924602 2550496 236230 0.12
922362 2543878 236404 0.13
959864 2881609 236454 0.8
919573 2498226 236491 0.12
920328 2517116 236585 0.11
956584 2872941 236715 0.7
918042 2530722 236752 0.13
915173 2485210 236839 0.12
913013 2478782 237013 0.13
952377 2863399 237063 0.6
913642 2517486 237100 0.12
912728 2494226 237194 0.11
948255 2836220 237324 0.8
910362 2507559 237361 0.13
909322 2504330 237448 0.12
907162 2497712 237622 0.13
943855 2824248 237672 0.7
906042 2494403 237709 0.12
905048 2471335 237803 0.11
941266 2828815 237933 0.6
901013 2443068 237970 0.13
901642 2481167 238057 0.12
899482 2474548 238231 0.13
936984 2819327 238281 0.8
896693 2430131 238318 0.12
898331 2469020 238412 0.11
933704 2810578 238542 0.7
895162 2461393 238579 0.13
892293 2417116 238666 0.12
891173 2411719 238840 0.13
929497 2800982 238890 0.6
891882 2449286 238927 0.12
890888 2426595 239021 0.11
926104 2789871 239151 0.8
886853 2398783 239188 0.13
887482 2436050 239275 0.12
885322 2429513 239449 0.13
921704 2777752 239499 0.7
882453 2385767 239536 0.12
883288 2403704 239630 0.11
918306 2766508 239760 0.6
881002 2416357 239797 0.13
878133 2372830 239884 0.12
877722 2406430 240058 0.13
915224 2758168 240108 0.8
876602 2403121 240145 0.12
876491 2400820 240239 0.11
911215 2733980 240369 0.7
873322 2393193 240406 0.13
872282 2389965 240493 0.12
868293 2343545 240667 0.13
907179 2729654 240717 0.6
869002 2380038 240754 0.12
868008 2357923 240848 0.11
904264 2728552 240978 0.8
863973 2330609 241015 0.13
864602 2366801 241102 0.12
862442 2360264 241276 0.13
899944 2716512 241326 0.7
859573 2317593 241363 0.12
860408 2335033 241457 0.11
896546 2705404 241587 0.6
858042 2347028 241624 0.13
855253 2304657 241711 0.12
853093 2298228 241885 0.13
892264 2695725 241935 0.8
853722 2333872 241972 0.12
852728 2312062 242066 0.11
889064 2687057 242196 0.7
848693 2285212 242233 0.13
849322 2320636 242320 0.12
847162 2314018 242494 0.13
884299 2667545 242544 0.6
844373 2272276 242581 0.12
845128 2289252 242675 0.11
881384 2666189 242805 0.8
842842 2300862 242842 0.13
841722 2297553 242929 0.12
839562 2290935 243103 0.13
877064 2654230 243153 0.7
838442 2287626 243190 0.12
838411 2285406 243284 0.11
873666 2643098 243414 0.6
835162 2277698 243451 0.13
832373 2236562 243538 0.12
830133 2230054 243712 0.13
868655 2618651 243762 0.8
830842 2264543 243799 0.12
829848 2243390 243893 0.11
866104 2624694 244023 0.7
825813 2217118 244060 0.13
826442 2251306 244147 0.12
824282 2244769 244321 0.13
861419 2605357 244371 0.6
821413 2204102 244408 0.12
822248 2220500 244502 0.11
858504 2603906 244632 0.8
819962 2231613 244669 0.13
817093 2191166 244756 0.12
814933 2184658 244930 0.13
854184 2591947 244980 0.7
815562 2218377 245017 0.12
814568 2197609 245111 0.11
850786 2580791 245241 0.6
810533 2171642 245278 0.13
811242 2205221 245365 0.12
809002 2198522 245539 0.13
846504 2571080 245589 0.8
807962 2195294 245626 0.12
806968 2174719 245720 0.11
843224 2562331 245850 0.7
804682 2185367 245887 0.13
803562 2182058 245974 0.12
801402 2175520 246148 0.13
839017 2552518 246198 0.6
798533 2135928 246235 0.12
800251 2169911 246329 0.11
834895 2527425 246459 0.8
797002 2162284 246496 0.13
794213 2122992 246583 0.12
792053 2116563 246757 0.13
831224 2529504 246807 0.7
792682 2149128 246844 0.12
791688 2128858 246938 0.11
827906 2518565 247068 0.6
787653 2103548 247105 0.13
788282 2135892 247192 0.12
786122 2129274 247366 0.13
823624 2508797 247416 0.8
784732 2099784 247460 0.11
781967 2101685 247627 0.13
820344 2499968 247677 0.7
778583 2070553 247801 0.13
780250 2104113 247895 0.11
816137 2490181 248025 0.6
777751 2109891 248062 0.13
775591 2103332 248236 0.13
812744 2479261 248286 0.8
774248 2076514 248330 0.11
772311 2093372 248497 0.13
809099 2463612 248547 0.7
770151 2086732 248671 0.13
807203 2463155 248721 0.6
768808 2060186 248765 0.11
764423 2028553 248932 0.13
803659 2449365 248982 0.8
762263 2022068 249106 0.13
801049 2435546 249156 0.7
764604 2067904 249200 0.11
761431 2060252 249367 0.13
798503 2440584 249417 0.6
759271 2053692 249541 0.13
796489 2439285 249591 0.8
757928 2027531 249635 0.11
753543 1996203 249802 0.13
793289 2430607 249852 0.7
751303 1989718 249976 0.13
791049 2425063 250026 0.6
752488 2011124 250070 0.11
750551 2027213 250237 0.13
787769 2416304 250287 0.8
748311 2020491 250411 0.13
785609 2410840 250461 0.7
747048 1994796 250505 0.11
742583 1963854 250672 0.13
782329 2402002 250722 0.6
740423 1957368 250846 0.13
780169 2396618 250896 0.8
741608 1978469 250940 0.11
739591 1994011 251107 0.13
775869 2368089 251157 0.7
737431 1987452 251281 0.13
773709 2361631 251331 0.6
737324 1985144 251375 0.11
734151 1977492 251542 0.13
771449 2370344 251592 0.8
731991 1970933 251716 0.13
769289 2363755 251766 0.7
730648 1945654 251810 0.11
726263 1915368 251977 0.13
764989 2335562 252027 0.6
725143 1909911 252151 0.13
763849 2347363 252201 0.8
726328 1930447 252245 0.11
724391 1945586 252412 0.13
760569 2337480 252462 0.7
722151 1938865 252586 0.13
758409 2330972 252636 0.6
720888 1914119 252680 0.11
716423 1884047 252847 0.13
755129 2321089 252897 0.8
714263 1877640 253021 0.13
754009 2315625 253071 0.7
715448 1897792 253115 0.11
713431 1912385 253282 0.13
749631 2286343 253332 0.8
711271 1905826 253456 0.13
748059 2290172 253506 0.7
709928 1881304 253550 0.11
705543 1851776 253717 0.13
744779 2280407 253767 0.8
703383 1845290 253891 0.13
742619 2273844 253941 0.7
704488 1864977 253985 0.11
702551 1879346 254152 0.13
739339 2264000 254202 0.8
700391 1872706 254326 0.13
737179 2257517 254376 0.7
700284 1870398 254420 0.11
697111 1862745 254587 0.13
733899 2247672 254637 0.8
694951 1856186 254761 0.13
731739 2241189 254811 0.7
693608 1832322 254855 0.11
689223 1803290 255022 0.13
729989 2257596 255072 0.8
687063 1796884 255196 0.13
727749 2250875 255246 0.7
688168 1815914 255290 0.11
686231 1829706 255457 0.13
723019 2215017 255507 0.8
683991 1822985 255631 0.13
720779 2208374 255681 0.7
682728 1799587 255725 0.11
678343 1771020 255892 0.13
717499 2198530 255942 0.8
676103 1764455 256066 0.13
715339 2192047 256116 0.7
677288 1783259 256160 0.11
675271 1796505 256327 0.13
712059 2182202 256377 0.8
673111 1789946 256501 0.13
709899 2175719 256551 0.7
671848 1766932 256595 0.11
669831 1779986 256762 0.13
706619 2165875 256812 0.8
667671 1773426 256936 0.13
704459 2159312 256986 0.7
666328 1750444 257030 0.11
661943 1722455 257197 0.13
701179 2149547 257247 0.8
659783 1715969 257371 0.13
699019 2142984 257421 0.7
662124 1754518 257465 0.11
660071 1748080 257632 0.13
695739 2133140 257682 0.8
657831 1741359 257806 0.13
693579 2126657 257856 0.7
656568 1718909 257900 0.11
652183 1691212 258067 0.13
691829 2141716 258117 0.8
649943 1684727 258241 0.13
689669 2135157 258291 0.7
651128 1702582 258335 0.11
649111 1714879 258502 0.13
685899 2101525 258552 0.8
646951 1708320 258676 0.13
683739 2094962 258726 0.7
645688 1686174 258770 0.11
642343 1659970 258937 0.13
680459 2085198 258987 0.8
640183 1653484 259111 0.13
678299 2078635 259161 0.7
641288 1670887 259205 0.11
639351 1682973 259372 0.13
675019 2068790 259422 0.8
638231 1677386 259546 0.13
672859 2062307 259596 0.7
638204 1675159 259640 0.11
634951 1667426 259807 0.13
669579 2052463 259857 0.8
632791 1660866 259981 0.13
668459 2047020 260031 0.7
631448 1639273 260075 0.11
627063 1612513 260242 0.13
665179 2037176 260292 0.8
624903 1606106 260416 0.13
663019 2030613 260466 0.7
626008 1622865 260510 0.11
624071 1634386 260677 0.13
660859 2021969 260727 0.8
621911 1627746 260851 0.13
658699 2015406 260901 0.7
620568 1606538 260945 0.11
616183 1580242 261112 0.13
656949 2029156 261162 0.8
614023 1573756 261286 0.13
654789 2022597 261336 0.7
615128 1590210 261380 0.11
613191 1601266 261547 0.13
649979 1989234 261597 0.8
611031 1594707 261721 0.13
647739 1982671 261771 0.7
609688 1573883 261815 0.11
605303 1547892 261982 0.13
644539 1972906 262032 0.8
603063 1541406 262156 0.13
642299 1966263 262206 0.7
604248 1557475 262250 0.11
602311 1568227 262417 0.13
639019 1956499 262467 0.8
600071 1561506 262591 0.13
636859 1949936 262641 0.7
601084 1560332 262685 0.11
597911 1552760 262852 0.13
633579 1940091 262902 0.8
595751 1546120 263026 0.13
631419 1933608 263076 0.7
594408 1525861 263120 0.11
590023 1500435 263287 0.13
629669 1946396 263337 0.8
587863 1494028 263461 0.13
627509 1939837 263511 0.7
588968 1509533 263555 0.11
587031 1519640 263722 0.13
623819 1908557 263772 0.8
585911 1514133 263896 0.13
621579 1901914 263946 0.7
584648 1494246 263990 0.11
580183 1469192 264157 0.13
618379 1892229 264207 0.8
578023 1462707 264331 0.13
616139 1885586 264381 0.7
580248 1478959 264425 0.11
578311 1488787 264592 0.13
612859 1875742 264642 0.8
576151 1482147 264766 0.13
611819 1870379 264816 0.7
574808 1462632 264860 0.11
570423 1437950 265027 0.13
608539 1860535 265077 0.8
570631 1465546 265201 0.13
606379 1854052 265251 0.7
569368 1446304 265295 0.11
567431 1455667 265462 0.13
604139 1845248 265512 0.8
562743 1415329 265636 0.13
601979 1838684 265686 0.7
565164 1446719 265730 0.11
561911 1439066 265897 0.13
598699 1828920 265947 0.8
559751 1432426 266071 0.13
596539 1822357 266121 0.7
556367 1409287 266245 0.13
594789 1833836 266382 0.8
554207 1402724 266419 0.13
592629 1827277 266556 0.7
551967 1396161 266593 0.13
549807 1389598 266767 0.13
587819 1796185 266817 0.8
547647 1383115 266941 0.13
585659 1789702 266991 0.7
545487 1376552 267115 0.13
582649 1771484 267165 0.8
543247 1369989 267289 0.13
580409 1764964 267339 0.7
541087 1363426 267463 0.13
579099 1770013 267513 0.8
538927 1356943 267637 0.13
576939 1763530 267687 0.7
536767 1350380 267811 0.13
574779 1756967 267861 0.8
534527 1343817 267985 0.13
572539 1750404 268035 0.7
456436 457341 268059 0.18
532367 1337254 268159 0.13
570379 1743841 268209 0.8
530207 1330771 268333 0.13
568219 1737358 268383 0.7
528047 1324208 268507 0.13
566059 1730795 268557 0.8
525807 1317645 268681 0.13
563819 1724232 268731 0.7
523647 1311082 268855 0.13
563572 1742929 268905 0.8
521487 1304599 269029 0.13
561412 1736350 269079 0.7
519327 1298036 269203 0.13
559252 1729691 269253 0.8
517087 1291473 269377 0.13
557012 1723031 269427 0.7
514927 1284910 269551 0.13
552939 1691497 269601 0.8
512767 1278427 269725 0.13
550779 1685014 269775 0.7
510607 1271864 269899 0.13
548619 1678451 269949 0.8
546379 1671888 270123 0.7
508551 1279134 270160 0.13
544219 1665325 270297 0.8
506391 1272494 270334 0.13
542059 1658842 270471 0.7
502927 1251134 270508 0.13
539899 1652279 270645 0.8
500767 1244571 270682 0.13
537659 1645716 270819 0.7
498607 1238088 270856 0.13
458578 822114 270980 0.14
535499 1639153 270993 0.8
496447 1231525 271030 0.13
531369 1620886 271254 0.7
529209 1614365 271428 0.8
450895 806772 271589 0.14
527049 1607925 271602 0.7
526509 1622395 271776 0.8
525412 1628986 271950 0.7
523252 1622326 272124 0.8
521312 1608941 272211 0.7
519179 1592331 272298 0.8
441137 787151 272372 0.14
516529 1570276 272385 0.7
516939 1585688 272472 0.8
515899 1582487 272559 0.7
514779 1579205 272646 0.8
513739 1575924 272733 0.7
512619 1572642 272820 0.8
511499 1569361 272907 0.7
507809 1545519 273081 0.8
509749 1578997 273168 0.7
505649 1539033 273255 0.8
507589 1571304 273342 0.7
505019 1548711 273429 0.8
506449 1574508 273516 0.8
504289 1567980 273690 0.8
498069 1503279 273777 0.8
499499 1529022 273864 0.8
498459 1524700 273951 0.8
497339 1520298 274038 0.8
496299 1515976 274125 0.8
495179 1511574 274212 0.8
494059 1507172 274299 0.8
417113 737769 274373 0.14
494449 1530114 274473 0.8
493329 1525626 274560 0.8
489739 1491965 274647 0.8
488619 1487643 274734 0.8
487579 1483241 274821 0.8
410677 726896 274895 0.14
486459 1478839 274908 0.8
485339 1474517 274995 0.8
484299 1470115 275082 0.8
483179 1465793 275169 0.8
482059 1461391 275256 0.8
482059 1458110 275343 0.8
481019 1453868 275430 0.8
479899 1449386 275517 0.8
478859 1445064 275604 0.8
400917 707226 275678 0.14
477739 1440742 275691 0.8
476619 1436260 275778 0.8
475579 1432018 275865 0.8
474459 1427616 275952 0.8
473339 1423214 276039 0.8
472299 1418972 276126 0.8
467589 1382517 276300 0.8
468389 1415664 276561 0.8
464209 1378549 276648 0.9
466149 1406837 276735 0.8
463579 1386237 276822 0.9
459889 1364549 276996 0.8
461829 1392504 277083 0.9
457649 1355849 277170 0.8
459669 1383758 277257 0.9
460845 1403280 277344 0.8
455899 1358944 277431 0.9
458685 1394381 277518 0.8
453739 1350220 277605 0.9
375673 656890 277766 0.14
450049 1327849 277779 0.8
451989 1355011 277866 0.9
447889 1319228 277953 0.8
449829 1346184 278040 0.9
447179 1326129 278127 0.8
446139 1321887 278214 0.9
370233 644867 278288 0.14
445019 1317485 278301 0.8
443979 1313163 278388 0.9
442859 1308761 278475 0.8
441739 1304359 278562 0.9
440699 1300037 278649 0.8
439579 1296755 278736 0.9
438459 1292273 278823 0.8
364799 631852 278897 0.14
437419 1288111 278910 0.9
436299 1284750 278997 0.8
435259 1280428 279084 0.9
434139 1276106 279171 0.8
433019 1271624 279258 0.9
433019 1268342 279345 0.8
431979 1264100 279432 0.9
430859 1259618 279519 0.8
429739 1255296 279606 0.9
428699 1250974 279693 0.8
425009 1229850 279867 0.9
428069 1255812 279954 0.8
426949 1251278 280041 0.9
425829 1246905 280128 0.8
427085 1264204 280215 0.9
422549 1235811 280389 0.8
418449 1202879 280476 0.9
420389 1227065 280563 0.8
309319 309912 280587 0.18
416289 1194258 280650 0.9
417819 1205193 280737 0.8
416699 1200791 280824 0.9
414049 1181207 280998 0.8
416069 1205039 281085 0.9
340793 580420 281159 0.14
411889 1172585 281172 0.8
413829 1196212 281259 0.9
301723 302315 281283 0.18
411259 1177901 281346 0.8
411259 1174619 281433 0.9
410139 1170297 281520 0.8
409099 1165895 281607 0.9
335353 569519 281681 0.14
407979 1161493 281694 0.8
406859 1157171 281781 0.9
405819 1152769 281868 0.8
404699 1148527 281955 0.9
403579 1144045 282042 0.8
402539 1139723 282129 0.9
402539 1136522 282216 0.8
401419 1132040 282303 0.9
326515 552333 282377 0.14
400379 1127718 282390 0.8
400379 1124516 282477 0.9
399259 1120034 282564 0.8
398139 1116833 282651 0.9
397099 1112511 282738 0.8
395979 1108109 282825 0.9
398685 1136169 282912 0.8
394859 1100425 282999 0.9
397645 1128342 283086 0.8
393189 1102439 283260 0.9
389009 1072372 283347 0.8
390949 1093613 283434 0.9
386849 1063830 283521 0.8
386139 1069931 283782 0.9
385099 1065609 283869 0.8
383979 1061127 283956 0.9
382939 1056885 284043 0.8
381819 1052483 284130 0.9
380699 1048081 284217 0.8
262435 262903 284415 0.19
377419 1040478 284478 0.9
376379 1036156 284565 0.8
375259 1031754 284652 0.9
374219 1028552 284739 0.8
373099 1024070 284826 0.9
371979 1020789 284913 0.8
370939 1016547 285000 0.9
369819 1012065 285087 0.8
368699 1007823 285174 0.9
367659 1003421 285261 0.8
366539 999019 285348 0.9
365499 994777 285435 0.8
364379 990295 285522 0.9
367085 1014889 285609 0.8
362219 981651 285696 0.9
364925 1005909 285783 0.8
359979 972927 285870 0.9
358939 968525 285957 0.8
357819 964123 286044 0.9
356779 959881 286131 0.8
355659 955399 286218 0.9
354539 950997 286305 0.8
353499 946755 286392 0.9
352379 942273 286479 0.8
351259 938031 286566 0.9
350219 933629 286653 0.8
349099 929227 286740 0.9
348059 924985 286827 0.8
346939 920503 286914 0.9
345819 916101 287001 0.8
344779 911859 287088 0.9
343659 907376 287175 0.8
342539 903135 287262 0.9
341499 898733 287349 0.8
340869 903799 287523 0.9
336689 878510 287610 0.8
338629 894892 287697 0.9
334529 869809 287784 0.8
336059 876963 287871 0.9
334939 872480 287958 0.8
333819 868239 288045 0.9
332779 863836 288132 0.8
331659 859434 288219 0.9
330619 855193 288306 0.8
329499 850710 288393 0.9
332205 871200 288480 0.8
328379 843107 288567 0.9
331165 863373 288654 0.8
326219 834463 288741 0.9
325099 829981 288828 0.8
324059 825659 288915 0.9
322939 821337 289002 0.8
321899 816935 289089 0.9
320779 812533 289176 0.8
319659 808211 289263 0.9
318619 803809 289350 0.8
317499 799567 289437 0.9
316379 795085 289524 0.8
315339 790763 289611 0.9
314219 786441 289698 0.8
313179 782039 289785 0.9
312059 777637 289872 0.8
310939 773315 289959 0.9
309899 768913 290046 0.8
308779 764671 290133 0.9
307659 760189 290220 0.8
306619 755867 290307 0.9
305499 751545 290394 0.8
304459 747143 290481 0.9
303339 742741 290568 0.8
302219 738419 290655 0.9
301179 734017 290742 0.8
300059 729775 290829 0.9
298939 725293 290916 0.8
297899 720971 291003 0.9
296779 716649 291090 0.8
299565 733195 291177 0.9
294619 707845 291264 0.8
297325 724215 291351 0.9
292459 699121 291438 0.8
291339 694879 291525 0.9
290219 690397 291612 0.8
290219 687115 291699 0.9
289179 682873 291786 0.8
288059 678391 291873 0.9
287019 674069 291960 0.8
285899 669747 292047 0.9
282229 652221 292134 0.9
283739 661103 292221 0.9
282619 656621 292308 0.9
281499 652219 292395 0.9
280459 647977 292482 0.9
279339 643495 292569 0.9
278299 639173 292656 0.9
277179 634851 292743 0.9
276059 630369 292830 0.9
275019 626207 292917 0.9
273899 621725 293004 0.9
272779 617323 293091 0.9
271739 613081 293178 0.9
270619 608599 293265 0.9
269579 604277 293352 0.9
268459 599955 293439 0.9
267339 595473 293526 0.9
266299 591311 293613 0.9
265179 586829 293700 0.9
264059 582427 293787 0.9
263019 578185 293874 0.9
261899 573703 293961 0.9
268510 602874 294048 0.9
259739 565059 294135 0.9
258619 560577 294222 0.9
257579 556415 294309 0.9
256459 551933 294396 0.9
255339 547531 294483 0.9
254299 543289 294570 0.9
253179 538807 294657 0.9
252139 534485 294744 0.9
251019 530163 294831 0.9
249899 525681 294918 0.9
248859 521519 295005 0.9
247739 517037 295092 0.9
246619 512635 295179 0.9
245579 508393 295266 0.9
244459 503911 295353 0.9
243419 499589 295440 0.9
242299 495267 295527 0.9
241179 490785 295614 0.9
240139 486623 295701 0.9
239019 482141 295788 0.9
237899 477739 295875 0.9
236859 473497 295962 0.9
235739 469015 296049 0.9
234699 464693 296136 0.9
233579 460371 296223 0.9
232459 455889 296310 0.9
231419 451727 296397 0.9
230299 447245 296484 0.9
229179 442843 296571 0.9
228139 438601 296658 0.9
234670 459655 296745 0.9
225979 429797 296832 0.9
224859 425475 296919 0.9
223739 420993 297006 0.9
222699 416831 297093 0.9
221579 412349 297180 0.9
220459 407947 297267 0.9
219419 403705 297354 0.9
218299 399223 297441 0.9
217259 394901 297528 0.9
216139 390579 297615 0.9
215019 386097 297702 0.9
213979 381935 297789 0.9
212859 377453 297876 0.9
211739 373051 297963 0.9
210699 368809 298050 0.9
209579 364327 298137 0.9
208539 360005 298224 0.9
207419 355683 298311 0.9
206299 351201 298398 0.9
205259 347039 298485 0.9
204139 342557 298572 0.9
203019 338155 298659 0.9
201979 333913 298746 0.9
200859 329431 298833 0.9
199819 325109 298920 0.9
198699 320787 299007 0.9
197579 316305 299094 0.9
196539 312143 299181 0.9
195419 307661 299268 0.9
194299 303259 299355 0.9
193259 299017 299442 0.9
192139 294535 299529 0.9
198750 307284 299616 0.9
189979 285891 299703 0.9
73877 73926 299727 0.19
188859 281409 299790 0.9
187819 277247 299877 0.9
186699 272765 299964 0.9
185579 268363 300051 0.9
184539 264121 300138 0.9
183419 259639 300225 0.9
182379 255317 300312 0.9
181259 250995 300399 0.9
65162 65193 300423 0.18
180139 246513 300486 0.9
179099 242351 300573 0.9
177979 237869 300660 0.9
176859 233467 300747 0.9
175819 229225 300834 0.9
174699 224743 300921 0.9
173659 220421 301008 0.9
172539 216099 301095 0.9
171419 211617 301182 0.9
132563 138082 301219 0.10
170379 207455 301269 0.9
54261 54265 301293 0.18
131440 135833 301306 0.10
169259 202973 301356 0.9
53156 53158 301380 0.18
130401 133669 301393 0.10
168139 198571 301443 0.9
52117 52117 301467 0.19
131127 133834 301480 0.10
90112 90142 301517 0.14
167099 194329 301530 0.9
125927 126489 301567 0.10
89056 89080 301604 0.14
165979 189847 301617 0.9
128967 129427 301654 0.10
87961 87986 301691 0.14
164939 185525 301704 0.9
85225 85058 301778 0.14
163819 181203 301791 0.9
87165 87318 301865 0.14
162699 176721 301878 0.9
82985 82861 301952 0.14
161659 172559 301965 0.9
85005 85115 302039 0.14
80825 80742 302126 0.14
82765 82830 302213 0.14
150942 150990 302835 0.6
142009 140864 302922 0.6
148800 148846 303009 0.6
147737 147777 303096 0.6
148929 149257 303183 0.6
142709 142418 303270 0.6
146769 147054 303357 0.6
22758 22758 303915 0.19
2161 2161 305655 0.19
9429 9429 307799 0.14
9429 9429 307886 0.14
9429 9429 307973 0.14
32283 32283 309595 0.10
32414 32414 309682 0.10
32414 32414 309769 0.10
18455 18701 309834 0.14
14113 14113 309843 0.19
25971 26690 310008 0.14
31506 31506 310182 0.14
45196 45040 310458 0.19
23890 23890 310754 0.10
29059 29663 310928 0.10
33554 33890 311102 0.10
47363 47363 311689 0.14
43636 43636 311875 0.14
53695 53695 311944 0.10
49241 49241 312031 0.10
39722 39722 312052 0.14
45072 45072 312118 0.10
75309 75309 313146 0.10
75309 75309 313233 0.10
37276 37276 313305 0.6
75309 75309 313320 0.10
38857 38857 313392 0.6
38857 38857 313566 0.6
47083 47711 313572 0.14
52214 52214 313833 0.14
50387 50387 314081 0.14
38356 38356 314187 0.14
50058 50058 314231 0.10
58026 58026 314274 0.14
50058 50058 314318 0.10
102030 102030 314414 0.6
69811 70741 314470 0.14
53611 53611 314492 0.10
102030 102030 314501 0.6
98993 98993 314588 0.6
73405 76416 314644 0.14
74880 77952 314818 0.14
78035 80196 315166 0.14
78691 80870 315253 0.14
78035 80196 315340 0.14
86372 86372 315390 0.10
57356 57815 315412 0.6
79565 81769 315427 0.14
76505 78624 315514 0.14
79565 82830 315601 0.14
67014 67550 315673 0.6
89996 93665 315738 0.10
68150 68150 315760 0.6
77117 82496 315862 0.14
89996 93665 315912 0.10
78035 84518 316036 0.14
77380 83808 316210 0.14
78691 85229 316471 0.14
78035 85639 316558 0.14
107966 110623 316571 0.6
78953 86646 316645 0.14
73445 81656 316732 0.14
104047 109490 316782 0.10
82626 92965 316819 0.14
80331 90382 316906 0.14
104047 110530 316956 0.10
78035 88920 316993 0.14
110850 114465 317006 0.6
110850 113578 317093 0.6
76505 88197 317167 0.14
79565 91725 317254 0.14
104047 111571 317304 0.10
79565 91725 317428 0.14
78035 89961 317602 0.14
129471 133773 317702 0.6
78035 89961 317776 0.14
78035 89961 317950 0.14
130648 138205 318137 0.6
104047 115973 318348 0.10
129549 136007 318398 0.6
32661 32253 318683 0.19
104047 118134 318696 0.10
104047 117013 319044 0.10
131016 143029 319094 0.6
104727 117778 319131 0.10
104047 117013 319218 0.10
106087 118247 319305 0.10
102007 113699 319392 0.10
106087 118247 319479 0.10
130059 143025 319529 0.6
102007 114719 319566 0.10
104047 117013 319740 0.10
104047 118134 319827 0.10
130509 143520 319877 0.6
105271 119524 320001 0.10
105271 119524 320175 0.10
102823 116744 320262 0.10
104047 118134 320349 0.10
102007 115817 320436 0.10
106087 120450 320523 0.10
110168 125083 320610 0.10
130059 143025 320660 0.6
107127 121511 320784 0.10
130059 144146 320921 0.6
105962 117997 320958 0.10
103863 115637 321045 0.10
130059 144146 321095 0.6
105087 118134 321132 0.10
103047 114719 321219 0.10
105087 112691 321393 0.10
105087 108289 321567 0.10
131099 144066 321878 0.6
132056 141819 322313 0.6
132056 137466 322487 0.6
131949 134132 322661 0.6
129569 130586 322748 0.6
131099 132140 322835 0.6
127509 127509 322922 0.6
111649 111649 323058 0.6
107354 107354 323145 0.6
28147 28147 323862 0.6
36471 36471 324154 0.6
9722 9722 327555 0.19
22142 22142 328271 0.18
20000 20000 329947 0.18
20068 20068 330214 0.18
4322 4322 331743 0.19
815 815 346268 0.18
829 829 346906 0.18
1237 1237 350221 0.18
3305 3305 350456 0.18
15835 15835 350725 0.18
17815 17815 350994 0.18
5340 5340 351094 0.18
33651 33651 351263 0.18
34353 34353 351373 0.18
33651 33651 351532 0.18
32445 32445 351652 0.18
33651 33651 351801 0.18
32445 32445 351931 0.18
33651 33651 352070 0.18
32445 32445 352210 0.18
33651 33651 352339 0.18
32445 32445 352489 0.18
33651 33651 352608 0.18
32445 32445 352768 0.18
33651 33651 352877 0.18
32445 32445 353047 0.18
33651 33651 353146 0.18
32445 32445 353326 0.18
33651 33651 353415 0.18
32445 32445 353605 0.18
32679 32679 353692 0.18
32445 32445 353884 0.18
32445 32445 353971 0.18
32445 32445 354163 0.18
32445 32445 354250 0.18
30387 30387 354409 0.18
39975 39975 354496 0.18
41575 41575 354583 0.18
48963 48963 354670 0.18
49621 49621 354775 0.18
40810 40810 354957 0.18
32445 32445 355054 0.18
18683 18683 355282 0.18
55084 55084 355369 0.18
55084 55084 355456 0.18
39072 39072 355543 0.18
8745 8745 356091 0.18
7773 7773 356639 0.18
8745 8745 357187 0.18
7773 7773 357735 0.18
8745 8745 358283 0.18
12678 12678 358619 0.18
14262 14262 358955 0.18
19721 19721 359171 0.18
22186 22186 359387 0.18
19721 19721 359603 0.18
21490 21490 359826 0.18
19102 19102 360049 0.18
21490 21490 360272 0.18
21193 21193 360473 0.18
23842 23842 360674 0.18
23535 23535 360855 0.18