29192 29131 4804 0.18
31352 31438 4978 0.18
31432 31328 5152 0.18
33512 33642 5326 0.18
35752 35565 5500 0.18
40072 40333 5674 0.18
42312 41999 5848 0.18
46632 47025 6022 0.18
48872 48434 6196 0.18
53192 53717 6370 0.18
59152 59167 6718 0.18
66024 66503 7066 0.18
72272 72293 7414 0.18
78832 78856 7762 0.18
85312 85339 8110 0.18
91872 91902 8458 0.18
88558 88580 8595 0.14
98432 98465 8806 0.18
95038 95063 8943 0.14
104992 105028 9154 0.18
101598 101626 9291 0.14
111472 111511 9502 0.18
108158 108189 9639 0.14
118032 118074 9850 0.18
114718 114752 9987 0.14
124592 124637 10198 0.18
121198 121235 10335 0.14
131152 131200 10546 0.18
127758 127798 10683 0.14
137632 137683 10894 0.18
135093 136996 11031 0.14
144192 144246 11242 0.18
141653 143687 11379 0.14
150752 150809 11590 0.18
148133 150298 11727 0.14
157312 157372 11938 0.18
163792 163855 12286 0.18
160478 161614 12423 0.14
170352 170418 12634 0.18
176912 176981 12982 0.18
173518 175740 13119 0.14
183472 183544 13330 0.18
189952 190027 13678 0.18
186638 189947 13815 0.14
196512 196590 14026 0.18
205232 205314 14374 0.18
199678 204113 14511 0.14
216112 216199 14722 0.18
227072 227164 15070 0.18
206204 210076 15170 0.10
212798 218320 15207 0.14
238472 242717 15418 0.18
249352 253815 15766 0.18
219244 224203 15866 0.10
234558 241170 15903 0.14
260232 264913 16114 0.18
270672 270784 16462 0.18
236684 242731 16562 0.10
256398 264101 16599 0.14
281552 281669 16810 0.18
292432 292554 17158 0.18
258524 265702 17258 0.10
278158 286991 17295 0.14
303312 303439 17506 0.18
314272 314404 17854 0.18
280284 288552 17954 0.10
299998 309922 17991 0.14
325152 325289 18202 0.18
336032 336174 18550 0.18
302124 311483 18650 0.10
321758 332772 18687 0.14
346912 347059 18898 0.18
357872 358024 19246 0.18
323884 334333 19346 0.10
343598 355703 19383 0.14
366592 366748 19594 0.18
374192 374352 19942 0.18
345724 357304 20042 0.10
365358 378593 20079 0.14
380752 380915 20290 0.18
387232 387398 20638 0.18
367484 380154 20738 0.10
383918 398243 20775 0.14
393792 393961 20986 0.18
400352 400524 21334 0.18
389324 403085 21434 0.10
397038 412449 21471 0.14
406912 407087 21682 0.18
413392 413570 22030 0.18
410465 430758 22167 0.14
419952 420133 22378 0.18
426512 426696 22726 0.18
416524 433579 22826 0.10
423585 445144 22863 0.14
433072 433259 23074 0.18
439552 439742 23422 0.18
436625 459409 23559 0.14
446112 446305 23770 0.18
452672 452868 24118 0.18
442993 465716 24218 0.10
449358 469155 24255 0.14
462512 462712 24466 0.18
473392 473597 24814 0.18
462398 483282 24951 0.14
484272 484482 25162 0.18
495152 495367 25510 0.18
469101 494860 25610 0.10
480958 502971 25647 0.14
506112 506332 25858 0.18
516992 517217 26206 0.18
502718 525821 26343 0.14
528392 538457 26554 0.18
539272 549556 26902 0.18
505101 534350 27002 0.10
524558 548752 27039 0.14
550232 560736 27250 0.18
496331 523814 27313 0.6
560592 560837 27598 0.18
546318 571602 27735 0.14
571472 571722 27946 0.18
582352 582607 28294 0.18
548444 578645 28394 0.10
568158 594573 28431 0.14
593312 593572 28642 0.18
539610 568121 28705 0.6
604192 604457 28990 0.18
589918 617423 29127 0.14
615072 615342 29338 0.18
625952 626227 29686 0.18
592044 625507 29786 0.10
611758 640354 29823 0.14
636912 637192 30034 0.18
583210 615022 30097 0.6
647792 648077 30382 0.18
633518 663204 30519 0.14
658672 658962 30730 0.18
669552 669847 31078 0.18
635644 672409 31178 0.10
655358 686175 31215 0.14
680512 680812 31426 0.18
626810 661924 31489 0.6
689232 689536 31774 0.18
677118 709025 31911 0.14
695712 696019 32122 0.18
702272 702582 32470 0.18
679244 719310 32570 0.10
698958 731956 32607 0.14
708832 709145 32818 0.18
670410 708825 32881 0.6
715392 715708 33166 0.18
712385 753397 33303 0.14
721872 722191 33514 0.18
728432 728754 33862 0.18
718444 761810 33962 0.10
725505 767783 33999 0.14
734992 735317 34210 0.18
714010 755687 34273 0.6
745872 746202 34558 0.18
738545 782048 34695 0.14
756752 757087 34906 0.18
767712 768052 35254 0.18
744861 795102 35354 0.10
753438 790823 35391 0.14
778592 778937 35602 0.18
744891 793413 35665 0.6
789472 789822 35950 0.18
775198 813673 36087 0.14
800352 800707 36298 0.18
811312 811673 36646 0.18
777581 831295 36746 0.10
797038 836644 36783 0.14
822192 822558 36994 0.18
771051 823011 37057 0.6
833072 833443 37342 0.18
818798 859494 37479 0.14
844472 860883 37690 0.18
855432 872063 38038 0.18
821181 878426 38138 0.10
840638 882425 38175 0.14
866312 883161 38386 0.18
812491 867970 38449 0.6
876672 877063 38734 0.18
862398 905276 38871 0.14
887552 887948 39082 0.18
898512 898913 39430 0.18
864524 921043 39530 0.10
884238 928246 39567 0.14
909392 909798 39778 0.18
855770 910598 39841 0.6
920272 920683 40126 0.18
905998 951097 40263 0.14
931152 931568 40474 0.18
942112 942533 40822 0.18
908124 967904 40922 0.10
927838 974027 40959 0.14
952992 953418 41170 0.18
899370 957500 41233 0.6
963872 964303 41518 0.18
949598 996878 41655 0.14
971472 971906 41866 0.18
951724 1014806 42314 0.10
971438 1019848 42351 0.14
981089 973501 42388 0.18
942970 1004401 42625 0.6
991152 991595 42910 0.18
987758 1037256 43047 0.14
997632 998078 43258 0.19
1001085 1007905 43432 0.18
994284 1060667 43706 0.10
1007992 1027686 43780 0.19
1010925 1017813 43954 0.18
986570 1051303 44017 0.6
1007438 1058026 44091 0.14
1017312 1017767 44302 0.19
1020765 1027722 44476 0.18
1027072 1027532 44824 0.19
1030178 1024076 44998 0.18
1027328 1086647 45135 0.14
1036912 1037376 45346 0.19
1040365 1047459 45520 0.18
1023764 1094170 45583 0.6
1030318 1102281 45620 0.10
1046752 1047221 45868 0.19
1049778 1043557 46042 0.18
1046896 1106631 46179 0.14
1056512 1056985 46390 0.19
1059965 1067197 46564 0.18
1066352 1066830 46912 0.19
1069458 1063117 47086 0.18
1066496 1127455 47223 0.14
1076112 1076594 47434 0.19
1079565 1086934 47608 0.18
1062943 1136401 47671 0.6
1069583 1144592 47708 0.10
1085952 1086439 47956 0.19
1089058 1082598 48130 0.18
1085918 1140904 48267 0.14
1095792 1096283 48478 0.19
1099245 1106752 48652 0.18
1105552 1106048 49000 0.19
1109005 1116580 49174 0.18
1105518 1161593 49311 0.14
1115912 1137773 49522 0.19
1118845 1126489 49696 0.18
1102206 1178778 49759 0.6
1108772 1186916 49796 0.10
1125232 1125737 50044 0.19
1128605 1136317 50218 0.18
1125118 1183403 50355 0.14
1134992 1135501 50566 0.19
1138098 1131340 50740 0.18
1144832 1145346 51088 0.19
1148285 1156135 51262 0.18
1144718 1205173 51399 0.14
1154592 1155110 51610 0.19
1155538 1148674 51784 0.18
1141504 1223726 51847 0.6
1148135 1233161 51884 0.10
1157872 1158392 52132 0.19
1159165 1167091 52306 0.18
1164398 1227063 52443 0.14
1161152 1161673 52654 0.19
1162098 1155194 52828 0.18
1164432 1164955 53176 0.19
1165725 1173697 53350 0.18
1173118 1237948 53487 0.14
1167712 1168236 53698 0.19
1168658 1161714 53872 0.18
1180784 1268613 53935 0.6
1183015 1273632 53972 0.10
1170992 1171518 54220 0.19
1172205 1180222 54394 0.18
1179598 1246632 54531 0.14
1174272 1174799 54742 0.19
1175485 1183525 54916 0.18
1178072 1201181 55264 0.19
1178765 1186828 55438 0.18
1186416 1263561 55575 0.14
1180752 1181282 55786 0.19
1182045 1190131 55960 0.18
1202544 1295914 56023 0.6
1196055 1292180 56060 0.10
1184032 1184564 56308 0.19
1184978 1177935 56482 0.18
1192976 1272383 56619 0.14
1187312 1187845 56830 0.19
1188605 1196737 57004 0.18
1190592 1191127 57352 0.19
1191538 1184455 57526 0.18
1199536 1281164 57663 0.14
1193872 1194408 57874 0.19
1195165 1203343 58048 0.18
1215450 1310302 58111 0.6
1209004 1306540 58148 0.10
1197152 1197690 58396 0.19
1198018 1190896 58570 0.18
1205758 1281528 58707 0.14
1200432 1200971 58918 0.19
1201645 1209868 59092 0.18
1203712 1204253 59440 0.19
1204578 1197416 59614 0.18
1212318 1290252 59751 0.14
1207432 1231130 59962 0.19
1208205 1216474 60136 0.18
1228490 1328790 60199 0.6
1222044 1325068 60236 0.10
1210192 1210736 60484 0.19
1211485 1219777 60658 0.18
1218878 1299016 60795 0.14
1213472 1214017 61006 0.19
1214765 1223080 61180 0.18
1216752 1217299 61528 0.19
1218045 1226383 61702 0.18
1225438 1307740 61839 0.14
1220032 1220580 62050 0.19
1220978 1213716 62224 0.18
1241610 1347359 62287 0.6
1235335 1348028 62324 0.10
1223312 1223862 62572 0.19
1224525 1232908 62746 0.18
1231918 1316424 62883 0.14
1226592 1227143 63094 0.19
1227458 1220157 63268 0.18
1229872 1230425 63616 0.19
1231085 1239514 63790 0.18
1238478 1325148 63927 0.14
1233072 1233626 64138 0.19
1234018 1226677 64312 0.18
1254864 1370311 64375 0.6
1248375 1366577 64412 0.10
1236352 1236908 64660 0.19
1237645 1246120 64834 0.18
1245038 1333913 64971 0.14
1239632 1240189 65182 0.19
1240578 1233197 65356 0.18
1243432 1267853 65704 0.19
1244205 1252726 65878 0.18
1251598 1342637 66015 0.14
1246192 1246752 66226 0.19
1247485 1256029 66400 0.18
1267984 1388980 66463 0.6
1261495 1385206 66500 0.10
1249472 1250034 66748 0.19
1250685 1259251 66922 0.18
1258336 1360153 67059 0.14
1252752 1253315 67270 0.19
1253965 1262554 67444 0.18
1256032 1256597 67792 0.19
1256898 1249418 67966 0.18
1264896 1368934 68103 0.14
1259232 1259798 68314 0.19
1260525 1269160 68488 0.18
1281024 1407529 68551 0.6
1274364 1399223 68588 0.10
1262512 1263080 68836 0.19
1263458 1255938 69010 0.18
1271456 1377755 69147 0.14
1265792 1266361 69358 0.19
1267085 1275766 69532 0.18
1269072 1269643 69880 0.19
1270018 1262458 70054 0.18
1277758 1377533 70191 0.14
1272352 1272924 70402 0.19
1273645 1282372 70576 0.18
1293930 1421513 70639 0.6
1287484 1417791 70676 0.10
1275632 1276206 70924 0.19
1276845 1285594 71098 0.18
1284238 1386217 71235 0.14
1279432 1304576 71446 0.19
1280125 1288897 71620 0.18
1282192 1282769 71968 0.19
1283405 1292200 72142 0.18
1290798 1394941 72279 0.14
1285392 1285970 72490 0.19
1286338 1278679 72664 0.18
1306970 1440001 72727 0.6
1300524 1436280 72764 0.10
1288672 1289252 73012 0.19
1289965 1298806 73186 0.18
1297358 1403705 73323 0.14
1291952 1292533 73534 0.19
1294424 1309926 73882 0.19
1296352 1296936 74230 0.19
1303918 1412429 74367 0.14
1297169 1287069 74404 0.18
1299320 1284920 74752 0.19
1320304 1463377 74815 0.6
1313815 1459602 74852 0.10
1308238 1418952 75063 0.14
1302520 1288084 75100 0.19
1306112 1306700 75448 0.19
1308352 1308941 75796 0.19
1314953 1433274 75933 0.14
1310512 1311102 76144 0.19
1312672 1313263 76492 0.19
1324705 1476306 76592 0.10
1320416 1441814 76629 0.14
1332200 1478539 76729 0.6
1315611 1354113 76840 0.19
1317851 1356420 77188 0.19
1324736 1448326 77325 0.14
1320272 1320867 77536 0.19
1322512 1323108 77884 0.19
1335610 1493377 77984 0.10
1328958 1448405 78021 0.14
1324672 1325269 78232 0.19
1343211 1497872 78295 0.6
1326832 1327430 78580 0.19
1334398 1456009 78717 0.14
1328992 1329591 78928 0.19
1331232 1331832 79276 0.19
1344124 1501710 79376 0.10
1338798 1462612 79413 0.14
1333392 1333993 79624 0.19
1352810 1507672 79687 0.6
1335552 1336154 79972 0.19
1343118 1469095 80109 0.14
1337712 1338315 80320 0.19
1339952 1340556 80668 0.19
1353964 1516997 80768 0.10
1347518 1475698 80805 0.14
1342112 1342717 81016 0.19
1362724 1526503 81079 0.6
1344272 1344878 81364 0.19
1351838 1482181 81501 0.14
1346432 1347039 81712 0.19
1348672 1349280 82060 0.19
1362684 1531203 82160 0.10
1356238 1487703 82197 0.14
1350832 1351441 82408 0.19
1371290 1537086 82471 0.6
1352992 1353602 82756 0.19
1360558 1493106 82893 0.14
1355152 1355763 83104 0.19
1357392 1358004 83452 0.19
1371404 1543729 83552 0.10
1365345 1513280 83589 0.14
1360672 1361285 83800 0.19
1380010 1550692 83863 0.6
1362832 1363446 84148 0.19
1369665 1518736 84285 0.14
1364992 1365607 84496 0.19
1367152 1367768 84844 0.19
1380381 1563361 84944 0.10
1375105 1525888 84981 0.14
1370432 1371050 85192 0.19
1389051 1570318 85255 0.6
1372592 1373211 85540 0.19
1379118 1516556 85677 0.14
1374832 1375452 85888 0.19
1378112 1378733 86236 0.19
1390141 1576993 86336 0.10
1384558 1523119 86373 0.14
1380272 1380894 86584 0.19
1398891 1584111 86647 0.6
1382432 1383055 86932 0.19
1389998 1529642 87069 0.14
1384592 1385216 87280 0.19
1386832 1387457 87628 0.19
1399981 1590184 87728 0.10
1394318 1535045 87765 0.14
1389771 1430489 87976 0.19
1408731 1597261 88039 0.6
1391931 1432714 88324 0.19
1398718 1540527 88461 0.14
1393312 1393940 88672 0.19
1395552 1396181 89020 0.19
1409564 1595553 89120 0.10
1403038 1545970 89157 0.14
1397712 1398342 89368 0.19
1418170 1602516 89431 0.6
1399872 1400503 89716 0.19
1407438 1551452 89853 0.14
1402032 1402664 90064 0.19
1404272 1404905 90412 0.19
1418284 1607518 90512 0.10
1411758 1556855 90549 0.14
1406432 1407066 90760 0.19
1426890 1614481 90823 0.6
1408592 1409227 91108 0.19
1416158 1562337 91245 0.14
1410752 1411388 91456 0.19
1412992 1413629 91804 0.19
1427004 1619524 91904 0.10
1420478 1567780 91941 0.14
1415152 1415790 92152 0.19
1435610 1626527 92215 0.6
1417312 1417951 92500 0.19
1424878 1573263 92637 0.14
1420280 1404512 93022 0.19
1435724 1631529 93296 0.10
1429198 1578665 93333 0.14
1423872 1424514 93544 0.19
1444330 1638492 93607 0.6
1426032 1426675 93892 0.20
1427672 1455792 94066 0.19
1429312 1429957 94414 0.20
1430432 1431077 94588 0.19
1444444 1643535 94688 0.10
1438208 1600714 94725 0.14
1432592 1433238 94936 0.20
1453050 1650498 94999 0.6
1433632 1434279 95110 0.19
1435872 1436520 95458 0.20
1436912 1437560 95632 0.19
1439152 1439801 95980 0.20
1440192 1440842 96154 0.19
1447868 1604998 96291 0.14
1442352 1443003 96502 0.20
1443472 1444123 96676 0.19
1445632 1446284 97024 0.20
1446752 1447405 97198 0.19
1467343 1671851 97261 0.6
1454318 1608159 97335 0.15
1448912 1449566 97546 0.20
1450032 1450686 97720 0.19
1464225 1673276 97820 0.10
1457776 1619294 97857 0.14
1452192 1452847 98068 0.20
1453312 1453968 98242 0.19
1455472 1456129 98590 0.20
1456592 1457249 98764 0.19
1464078 1619564 98901 0.15
1459272 1488026 99112 0.20
1459792 1460451 99286 0.19
1467272 1619869 99423 0.14
1462032 1462692 99634 0.20
1463592 1492433 99808 0.19
1465312 1465973 100156 0.20
1466352 1467014 100330 0.19
1486988 1695070 100393 0.6
1474176 1642273 100467 0.15
1468512 1469175 100678 0.20
1469632 1470295 100852 0.19
1483784 1695959 100952 0.10
1477284 1639536 100989 0.14
1471792 1472456 101200 0.20
1472912 1473577 101374 0.19
1475072 1475738 101722 0.20
1476192 1476858 101896 0.19
1483758 1644695 102033 0.15
1478352 1479019 102244 0.20
1479472 1480140 102418 0.19
1487124 1652690 102555 0.14
1481632 1482301 102766 0.20
1482752 1483421 102940 0.19
1484912 1485582 103288 0.20
1485952 1486623 103462 0.19
1506726 1724317 103525 0.6
1493518 1657741 103599 0.15
1488192 1488864 103810 0.20
1489232 1489904 103984 0.19
1503358 1722474 104084 0.10
1496884 1665724 104121 0.14
1491472 1492145 104332 0.20
1493032 1522464 104506 0.19
1495192 1524667 104854 0.20
1495792 1496467 105028 0.19
1503358 1670867 105165 0.15
1497952 1498628 105376 0.20
1499072 1499749 105550 0.19
1506724 1678879 105687 0.14
1501232 1501910 105898 0.20
1502352 1503030 106072 0.19
1504512 1505191 106420 0.20
1505632 1506312 106594 0.19
1526232 1749184 106657 0.6
1513198 1683993 106731 0.15
1507792 1508473 106942 0.20
1508912 1509593 107116 0.19
1523038 1749826 107216 0.10
1516484 1691954 107253 0.14
1511072 1511754 107464 0.20
1512112 1512795 107638 0.19
1514352 1515036 107986 0.20
1515392 1516076 108160 0.19
1523216 1708091 108297 0.15
1517632 1518317 108508 0.20
1518672 1519358 108682 0.19
1526324 1705108 108819 0.14
1520832 1521519 109030 0.20
1521952 1522639 109204 0.19
1524112 1524800 109552 0.20
1525232 1525921 109726 0.19
1545832 1776456 109789 0.6
1532798 1710125 109863 0.15
1527392 1528082 110074 0.20
1529032 1559187 110248 0.19
1542638 1777138 110348 0.10
1536164 1718223 110385 0.14
1531192 1561390 110596 0.20
1531792 1532484 110770 0.19
1533952 1534645 111118 0.20
1535072 1535765 111292 0.19
1542558 1723171 111429 0.15
1537232 1537926 111640 0.20
1538272 1538967 111814 0.19
1545924 1731297 111951 0.14
1540512 1541208 112162 0.20
1541552 1542248 112336 0.19
1543792 1544489 112684 0.20
1544832 1545530 112858 0.19
1565370 1799967 112921 0.6
1552656 1747646 112995 0.15
1546992 1547691 113206 0.20
1548112 1548811 113380 0.19
1562238 1804410 113480 0.10
1555764 1744452 113517 0.14
1550272 1550972 113728 0.20
1551392 1552093 113902 0.19
1553552 1554254 114250 0.20
1554672 1555374 114424 0.19
1562238 1749383 114561 0.15
1556832 1557535 114772 0.20
1557952 1558656 114946 0.19
1565604 1757606 115083 0.14
1560112 1560817 115294 0.20
1561232 1561937 115468 0.19
1563392 1564098 115816 0.20
1564952 1595828 115990 0.19
1585112 1831160 116053 0.6
1571998 1762429 116127 0.15
1567192 1598113 116338 0.20
1567712 1568420 116512 0.19
1581724 1828300 116612 0.10
1575364 1770641 116649 0.14
1569952 1570661 116860 0.20
1570992 1571702 117034 0.19
1573152 1573863 117382 0.20
1574272 1574983 117556 0.19
1582096 1787160 117693 0.15
1576432 1577144 117904 0.20
1577552 1578265 118078 0.19
1585204 1783795 118215 0.14
1579712 1580426 118426 0.20
1580832 1581546 118600 0.19
1582992 1583707 118948 0.20
1584112 1584828 119122 0.19
1604712 1859033 119185 0.6
1591678 1788682 119259 0.15
1586272 1586989 119470 0.20
1587392 1588109 119644 0.19
1601518 1860196 119744 0.10
1594964 1796870 119781 0.14
1589552 1590270 119992 0.20
1590592 1591311 120166 0.19
1592832 1593552 120514 0.20
1593872 1594592 120688 0.19
1601438 1801687 120825 0.15
1596112 1596833 121036 0.20
1597152 1597874 121210 0.19
1604632 1802155 121347 0.14
1599312 1600035 121558 0.20
1600952 1632551 121732 0.19
1603112 1634754 122080 0.20
1603712 1604437 122254 0.19
1624312 1886867 122317 0.6
1611536 1826675 122391 0.15
1605872 1606598 122602 0.20
1606992 1607718 122776 0.19
1621118 1888070 122876 0.10
1614644 1823139 122913 0.14
1609152 1609879 123124 0.20
1610272 1611000 123298 0.19
1612432 1613161 123646 0.20
1613552 1614281 123820 0.19
1621038 1827860 123957 0.15
1615712 1616442 124168 0.20
1616752 1617483 124342 0.19
1624404 1836213 124479 0.14
1618992 1619724 124690 0.20
1620032 1620764 124864 0.19
1622272 1623005 125212 0.20
1623312 1624046 125386 0.19
1643992 1914820 125449 0.6
1630878 1840986 125523 0.15
1625472 1626207 125734 0.20
1626592 1627327 125908 0.19
1640718 1915903 126008 0.10
1634244 1849368 126045 0.14
1628752 1629488 126256 0.20
1629872 1630609 126430 0.19
1632552 1664785 126778 0.20
1633152 1633890 126952 0.19
1640718 1854072 127089 0.15
1635312 1636051 127300 0.20
1636952 1669273 127474 0.19
1644084 1862523 127611 0.14
1638592 1639333 127822 0.20
1639712 1640453 127996 0.19
1641872 1642614 128344 0.20
1642912 1643655 128518 0.19
1663592 1942613 128581 0.6
1650478 1867118 128655 0.15
1645152 1645896 128866 0.20
1646192 1646936 129040 0.19
1660318 1943776 129140 0.10
1653844 1875557 129177 0.14
1648432 1649177 129388 0.20
1649472 1650218 129562 0.19
1651632 1652379 129910 0.20
1652752 1653499 130084 0.19
1660576 1892533 130221 0.15
1654912 1655660 130432 0.20
1656032 1656781 130606 0.19
1663684 1888711 130743 0.14
1658192 1658942 130954 0.20
1659312 1660062 131128 0.19
1661472 1662223 131476 0.20
1662592 1663344 131650 0.19
1683192 1970487 131713 0.6
1670158 1893370 131787 0.15
1664752 1665505 131998 0.20
1665872 1666625 132172 0.19
1679998 1971690 132272 0.10
1673444 1901786 132309 0.14
1668552 1701508 132520 0.20
1669072 1669827 132694 0.19
1671312 1672068 133042 0.20
1672872 1705914 133216 0.19
1679918 1906376 133353 0.15
1674592 1675349 133564 0.20
1675632 1676390 133738 0.19
1683284 1914941 133875 0.14
1677792 1678551 134086 0.20
1678912 1679671 134260 0.19
1681072 1681832 134608 0.20
1682192 1682953 134782 0.19
1702650 1993976 134845 0.6
1690016 1932047 134919 0.15
1684352 1685114 135130 0.20
1685472 1686234 135304 0.19
1699598 1999523 135404 0.10
1693124 1928055 135441 0.14
1687632 1688395 135652 0.20
1688752 1689516 135826 0.19
1690912 1691677 136174 0.20
1692032 1692797 136348 0.19
1699518 1932548 136485 0.15
1694192 1694958 136696 0.20
1695232 1695999 136870 0.19
1702884 1941129 137007 0.14
1697472 1698240 137218 0.20
1699320 1680396 137566 0.20
1702571 1752637 137914 0.20
1722472 2026274 137977 0.6
1709358 1945674 138051 0.15
1704731 1754862 138262 0.20
1711518 1948915 138399 0.14
1719084 2022949 138536 0.10
1706192 1706964 138610 0.20
1708352 1709125 138958 0.20
1716073 1963147 139095 0.15
1710512 1711286 139306 0.20
1718179 1963769 139443 0.14
1712672 1713447 139654 0.20
1714912 1715688 140002 0.20
1722478 1965323 140139 0.15
1717072 1717849 140350 0.20
1724638 1968564 140487 0.14
1719232 1720010 140698 0.20
1739918 2052113 140761 0.6
1733307 2047775 140798 0.10
1721392 1722171 141046 0.20
1728958 1975087 141183 0.15
1723632 1724412 141394 0.20
1731198 1978409 141531 0.14
1725792 1726573 141742 0.20
1727952 1728734 142090 0.20
1735518 1984932 142227 0.15
1730112 1730895 142438 0.20
1737678 1987613 142575 0.14
1732352 1733136 142786 0.20
1752977 2074021 142849 0.6
1746435 2069436 142886 0.10
1734512 1735297 143134 0.20
1742078 1993095 143271 0.15
1736672 1737458 143482 0.20
1744238 1995817 143619 0.14
1738832 1739619 143830 0.20
1741072 1741860 144178 0.20
1748638 2001299 144315 0.15
1743232 1744021 144526 0.20
1751056 2017119 144663 0.14
1745392 1746182 144874 0.20
1765930 2088939 144937 0.6
1759487 2088453 144974 0.10
1747552 1748343 145222 0.20
1755505 2029123 145359 0.15
1749792 1750584 145570 0.20
1757616 2025376 145707 0.14
1751952 1752745 145918 0.20
1754112 1754906 146266 0.20
1762065 2037407 146403 0.15
1756272 1757067 146614 0.20
1764096 2033553 146751 0.14
1758512 1759308 146962 0.20
1779184 2113793 147025 0.6
1772695 2110019 147062 0.10
1760672 1761469 147310 0.20
1768238 2025830 147447 0.15
1770398 2028552 147795 0.14
1764264 1785512 147832 0.20
1767232 1768032 148354 0.20
1774798 2034034 148491 0.15
1769392 1770193 148702 0.21
1770512 1771314 148876 0.20
1777875 2031447 149013 0.14
1792304 2131820 149113 0.6
1785735 2128046 149150 0.10
1772672 1773475 149224 0.21
1774232 1809309 149398 0.20
1776472 1811594 149746 0.21
1776992 1777797 149920 0.20
1784713 2053461 150057 0.15
1779232 1780038 150268 0.21
1780272 1781078 150442 0.20
1787838 2049241 150579 0.14
1782432 1783239 150790 0.21
1783552 1784360 150964 0.20
1785712 1786521 151312 0.21
1786832 1787641 151486 0.20
1807492 2151646 151549 0.6
1794398 2056925 151623 0.15
1788992 1789802 151834 0.21
1790112 1790923 152008 0.20
1804350 2153836 152108 0.10
1797771 2065575 152145 0.14
1792272 1793084 152356 0.21
1793392 1794204 152530 0.20
1795552 1796365 152878 0.21
1796672 1797486 153052 0.20
1804158 2068290 153189 0.15
1798832 1799647 153400 0.21
1799872 1800687 153574 0.20
1807524 2076646 153711 0.14
1802112 1802928 153922 0.21
1803152 1803969 154096 0.20
1805392 1806210 154444 0.21
1806432 1807250 154618 0.20
1826970 2169617 154681 0.6
1813998 2079775 154755 0.15
1808592 1809411 154966 0.21
1810232 1846032 155140 0.20
1823789 2171811 155240 0.10
1817364 2088718 155277 0.14
1812392 1848236 155488 0.21
1812992 1813813 155662 0.20
1815152 1815974 156010 0.21
1816272 1817095 156184 0.20
1823838 2092901 156321 0.15
1818432 1819256 156532 0.21
1819552 1820376 156706 0.20
1827204 2101833 156843 0.14
1821712 1822537 157054 0.21
1822832 1823658 157228 0.20
1824992 1825819 157576 0.21
1826032 1826859 157750 0.20
1846724 2200394 157813 0.6
1833856 2119712 157887 0.15
1828272 1829100 158098 0.21
1829312 1830141 158272 0.20
1843382 2198787 158372 0.10
1836964 2114907 158409 0.14
1831552 1832382 158620 0.21
1832592 1833422 158794 0.20
1834752 1835583 159142 0.21
1835872 1836704 159316 0.20
1843438 2119073 159453 0.15
1838032 1838865 159664 0.21
1839152 1839985 159838 0.20
1846804 2128062 159975 0.14
1841832 1878267 160186 0.21
1842432 1843267 160360 0.20
1844592 1845428 160708 0.21
1846232 1882755 160882 0.20
1866312 2227844 160945 0.6
1853278 2132159 161019 0.15
1847872 1848709 161230 0.21
1848992 1849830 161404 0.20
1863004 2224202 161504 0.10
1856564 2141136 161541 0.14
1851152 1851991 161752 0.21
1852192 1853031 161926 0.20
1854432 1855272 162274 0.21
1855472 1856313 162448 0.20
1863296 2159226 162585 0.15
1857712 1858554 162796 0.21
1858752 1859594 162970 0.20
1866404 2154251 163107 0.14
1860912 1861755 163318 0.21
1862032 1862876 163492 0.20
1864192 1865037 163840 0.21
1865312 1866157 164014 0.20
1885912 2255718 164077 0.6
1872878 2158331 164151 0.15
1867472 1868318 164362 0.21
1868592 1869439 164536 0.20
1882718 2256921 164636 0.10
1876244 2167405 164673 0.14
1870752 1871600 164884 0.21
1871872 1872720 165058 0.20
1874032 1874881 165406 0.21
1875152 1876002 165580 0.20
1882638 2171377 165717 0.15
1877832 1914989 165928 0.21
1878352 1879203 166102 0.20
1885832 2170999 166239 0.14
1880592 1881444 166450 0.21
1882152 1919396 166624 0.20
1883872 1884726 166972 0.21
1884912 1885766 167146 0.20
1905450 2278667 167209 0.6
1892736 2198741 167283 0.15
1887072 1887927 167494 0.21
1888192 1889048 167668 0.20
1902318 2284754 167768 0.10
1895844 2193634 167805 0.14
1890352 1891209 168016 0.21
1891472 1892329 168190 0.20
1893632 1894490 168538 0.21
1894752 1895611 168712 0.20
1902318 2197589 168849 0.15
1896912 1897772 169060 0.21
1898032 1898892 169234 0.20
1905684 2206749 169371 0.14
1900192 1901053 169582 0.21
1901312 1902174 169756 0.20
1903472 1904335 170104 0.21
1904512 1905375 170278 0.20
1925192 2311504 170341 0.6
1912078 2210635 170415 0.15
1906752 1907616 170626 0.21
1907792 1908657 170800 0.20
1921918 2312627 170900 0.10
1915444 2219823 170937 0.14
1910032 1910898 171148 0.21
1911592 1949427 171322 0.20
1913752 1951631 171670 0.21
1914352 1915220 171844 0.20
1921918 2223761 171981 0.15
1916512 1917381 172192 0.21
1917632 1918501 172366 0.20
1925284 2232978 172503 0.14
1919792 1920662 172714 0.21
1920912 1921783 172888 0.20
1923072 1923944 173236 0.21
1924192 1925064 173410 0.20
1944792 2339298 173473 0.6
1931758 2236847 173547 0.15
1926352 1927225 173758 0.21
1927472 1928346 173932 0.20
1941598 2340541 174032 0.10
1935044 2246052 174069 0.14
1929632 1930507 174280 0.21
1930672 1931547 174454 0.20
1932912 1933788 174802 0.21
1933952 1934829 174976 0.20
1941776 2264599 175113 0.15
1936192 1937070 175324 0.21
1937232 1938110 175498 0.20
1944884 2259167 175635 0.14
1939392 1940271 175846 0.21
1940512 1941392 176020 0.20
1942672 1943553 176368 0.21
1943792 1944673 176542 0.20
1964392 2367171 176605 0.6
1951358 2263019 176679 0.15
1945952 1946834 176890 0.21
1947592 1986150 177064 0.20
1961198 2368414 177164 0.10
1954724 2272321 177201 0.14
1949752 1988353 177412 0.21
1950352 1951236 177586 0.20
1952512 1953397 177934 0.21
1953632 1954518 178108 0.20
1961118 2276065 178245 0.15
1955792 1956679 178456 0.21
1956832 1957719 178630 0.20
1964484 2285396 178767 0.14
1959072 1959960 178978 0.21
1960112 1961001 179152 0.20
1962352 1963242 179500 0.21
1963392 1964282 179674 0.20
1983930 2389878 179737 0.6
1971216 2304113 179811 0.15
1965552 1966443 180022 0.21
1966672 1967564 180196 0.20
1980798 2396207 180296 0.10
1974324 2298550 180333 0.14
1968832 1969725 180544 0.21
1969952 1970845 180718 0.20
1972112 1973006 181066 0.21
1973232 1974127 181240 0.20
1980798 2302278 181377 0.15
1975392 1976288 181588 0.21
1976512 1977408 181762 0.20
1984164 2311665 181899 0.14
1978672 1979569 182110 0.21
1979792 1980690 182284 0.20
1981952 1982851 182632 0.21
1983512 2022791 182806 0.20
2003672 2422958 182869 0.6
1990558 2315324 182943 0.15
1985752 2025076 183154 0.21
1986272 1987173 183328 0.20
2000284 2418811 183428 0.10
1993924 2324739 183465 0.14
1988512 1989414 183676 0.21
1989552 1990454 183850 0.20
1991712 1992615 184198 0.21
1992832 1993736 184372 0.20
2000656 2343668 184509 0.15
1994992 1995897 184720 0.21
1996112 1997017 184894 0.20
2003764 2337894 185031 0.14
1998272 1999178 185242 0.21
1999392 2000299 185416 0.20
2001552 2002460 185764 0.21
2002672 2003580 185938 0.20
2023272 2450791 186001 0.6
2010238 2341536 186075 0.15
2004832 2005741 186286 0.21
2005952 2006862 186460 0.20
2020078 2451994 186560 0.10
2013524 2350968 186597 0.14
2008112 2009023 186808 0.21
2009152 2010063 186982 0.20
2011392 2012304 187330 0.21
2012432 2013345 187504 0.20
2019998 2354582 187641 0.15
2014672 2015586 187852 0.21
2015712 2016626 188026 0.20
2023192 2353804 188163 0.14
2017872 2018787 188374 0.21
2019512 2059514 188548 0.20
2021672 2061717 188896 0.21
2022272 2023189 189070 0.20
2042872 2478665 189133 0.6
2030096 2383183 189207 0.15
2024432 2025350 189418 0.21
2025552 2026471 189592 0.20
2039678 2479868 189692 0.10
2033204 2377238 189729 0.14
2027712 2028632 189940 0.21
2028832 2029752 190114 0.20
2030992 2031913 190462 0.21
2032112 2033034 190636 0.20
2039598 2380754 190773 0.15
2034272 2035195 190984 0.21
2035312 2036235 191158 0.20
2042964 2390312 191295 0.14
2037552 2038476 191506 0.21
2038592 2039517 191680 0.20
2040832 2041758 192028 0.21
2062552 2506578 192265 0.6
2049438 2393840 192339 0.15
2043304 2067965 192376 0.21
2045152 2046080 192724 0.21
2059278 2507701 192824 0.10
2052804 2403467 192861 0.14
2047312 2048241 193072 0.21
2049552 2050482 193420 0.21
2057038 2404725 193557 0.15
2051712 2052643 193768 0.21
2059278 2408046 193905 0.14
2053872 2054804 194116 0.21
2056032 2056965 194464 0.21
2063776 2425495 194601 0.15
2058272 2059206 194812 0.21
2060432 2061367 195160 0.21
2080962 2530627 195223 0.6
2074444 2525740 195260 0.10
2068463 2449616 195297 0.15
2062592 2063528 195508 0.21
2064752 2065689 195856 0.21
2072318 2427655 195993 0.15
2066992 2067930 196204 0.21
2069152 2070091 196552 0.21
2083318 2547939 196652 0.10
2076718 2434218 196689 0.15
2071312 2072252 196900 0.21
2092027 2555733 196963 0.6
2073472 2074413 197248 0.21
2081038 2440181 197385 0.15
2075712 2076654 197596 0.21
2077872 2078815 197944 0.21
2092090 2565214 198044 0.10
2085438 2445663 198081 0.15
2080032 2080976 198292 0.21
2100600 2564780 198355 0.6
2082192 2083137 198640 0.21
2089758 2451106 198777 0.15
2084432 2085378 198988 0.21
2087371 2148937 199336 0.21
2100861 2580266 199436 0.10
2094158 2456588 199473 0.15
2089531 2151162 199684 0.21
2109506 2585770 199747 0.6
2090912 2091861 200032 0.21
2098607 2470037 200169 0.14
2093152 2094102 200380 0.21
2100638 2464712 200517 0.15
2095312 2096263 200728 0.21
2109324 2580245 200828 0.10
2097472 2098424 201076 0.21
2117930 2586648 201139 0.6
2105038 2470195 201213 0.15
2099632 2100585 201424 0.21
2101872 2102826 201772 0.21
2109358 2475597 201909 0.15
2104032 2104987 202120 0.21
2106192 2107148 202468 0.21
2120204 2595492 202568 0.10
2113758 2481120 202605 0.15
2108352 2109309 202816 0.21
2128890 2601975 202879 0.6
2110592 2111550 203164 0.21
2118078 2486522 203301 0.15
2112752 2113711 203512 0.21
2114912 2115872 203860 0.21
2128924 2608018 203960 0.10
2122478 2492005 203997 0.15
2117072 2118033 204208 0.21
2137610 2614541 204271 0.6
2119312 2120274 204556 0.21
2126798 2497407 204693 0.15
2121472 2122435 204904 0.21
2123632 2124596 205252 0.21
2137644 2620584 205352 0.10
2131198 2502930 205389 0.15
2125792 2126757 205600 0.21
2146330 2627067 205663 0.6
2128032 2128998 205948 0.21
2136099 2545219 206085 0.15
2130192 2131159 206296 0.21
2132352 2133320 206644 0.21
2146621 2646017 206744 0.10
2140499 2550783 206781 0.15
2134512 2135481 206992 0.21
2155050 2639633 207055 0.6
2136752 2137722 207340 0.21
2144238 2519217 207477 0.15
2138912 2139883 207688 0.21
2141072 2142044 208036 0.21
2155341 2658644 208136 0.10
2148638 2524740 208173 0.15
2143232 2144205 208384 0.21
2164091 2665119 208447 0.6
2145472 2146446 208732 0.21
2152958 2530142 208869 0.15
2147632 2148607 209080 0.21
2149792 2150768 209428 0.21
2164061 2671231 209528 0.10
2157358 2535625 209565 0.15
2151952 2152929 209776 0.21
2172811 2677746 209839 0.6
2154192 2155170 210124 0.21
2161678 2541027 210261 0.15
2157131 2220782 210472 0.21
2159291 2223006 210820 0.21
2172524 2670727 210920 0.10
2166078 2546550 210957 0.15
2160672 2161653 211168 0.21
2181531 2690333 211231 0.6
2162912 2163894 211516 0.21
2170398 2551952 211653 0.15
2165072 2166055 211864 0.21
2167232 2168216 212212 0.21
2181244 2683253 212312 0.10
2174798 2557435 212349 0.15
2169392 2170377 212560 0.21
2189930 2689776 212623 0.6
2171632 2172618 212908 0.21
2179118 2562837 213045 0.15
2173792 2174779 213256 0.21
2175952 2176940 213604 0.21
2189964 2695818 213704 0.10
2183518 2568360 213741 0.15
2178112 2179101 213952 0.21
2198650 2702301 214015 0.6
2180352 2181342 214300 0.21
2187838 2573762 214437 0.15
2182512 2183503 214648 0.21
2184672 2185664 214996 0.21
2198684 2708344 215096 0.10
2192238 2579245 215133 0.15
2186832 2187825 215344 0.21
2207370 2714867 215407 0.6
2189072 2190066 215692 0.21
2196558 2584647 215829 0.15
2191232 2192227 216040 0.21
2193392 2194388 216388 0.21
2207404 2720910 216488 0.10
2200958 2590170 216525 0.15
2195552 2196549 216736 0.21
2216090 2727393 216799 0.6
2197792 2198790 217084 0.21
2205859 2633743 217221 0.15
2199952 2200951 217432 0.21
2202112 2203112 217780 0.21
2216381 2746835 217880 0.10
2210259 2639306 217917 0.15
2204272 2205273 218128 0.21
2224810 2739959 218191 0.6
2206512 2207514 218476 0.21
2213998 2606457 218613 0.15
2208672 2209675 218824 0.21
2210832 2211836 219172 0.21
2225101 2759462 219272 0.10
2218398 2611980 219309 0.15
2212992 2213997 219520 0.21
2233851 2765937 219583 0.6
2215232 2216238 219868 0.21
2222718 2617382 220005 0.15
2217392 2218399 220216 0.21
2219552 2220560 220564 0.21
2233821 2772049 220664 0.10
2227118 2622865 220701 0.15
2221712 2222721 220912 0.21
2242571 2778564 220975 0.6
2223952 2224962 221260 0.21
2231438 2628267 221397 0.15
2226891 2292627 221608 0.21
2229051 2294851 221956 0.21
2242284 2770533 222056 0.10
2235838 2633790 222093 0.15
2230432 2231445 222304 0.21
2251291 2791151 222367 0.6
2231552 2232565 222652 0.21
2240158 2639192 222789 0.15
2229392 2230405 223000 0.21
2227152 2228163 223348 0.21
2251004 2781938 223448 0.10
2244558 2644675 223485 0.15
2224992 2226002 223696 0.21
2259690 2789021 223759 0.6
2222832 2223841 224044 0.21
2241278 2642474 224181 0.15
2220672 2221680 224392 0.21
2218432 2219439 224740 0.21
2256444 2790142 224840 0.10
2236958 2639272 224877 0.15
2216272 2217278 225088 0.21
2268410 2800426 225151 0.6
2214112 2215117 225436 0.21
2232558 2635951 225573 0.15
2211952 2212956 225784 0.21
2209712 2210715 226132 0.21
2247724 2784139 226232 0.10
2228238 2632709 226269 0.15
2207552 2208554 226480 0.21
2265130 2799906 226543 0.6
2205392 2206393 226828 0.21
2223838 2629388 226965 0.15
2203232 2204232 227176 0.21
2200992 2201991 227524 0.21
2239004 2778136 227624 0.10
2198832 2199830 227872 0.21
2256410 2793903 227935 0.6
2217743 2655342 228009 0.15
2196672 2197669 228220 0.21
2194512 2195508 228568 0.21
2192272 2193267 228916 0.21
2211185 2645306 229053 0.15
2190112 2191106 229264 0.21
2247690 2787901 229327 0.6
2228361 2783069 229364 0.10
2187952 2188945 229612 0.21
2206785 2641952 229749 0.16
2185792 2186784 229960 0.21
2204238 2614701 230097 0.15
2183552 2184543 230308 0.21
2181392 2182382 230656 0.21
2199838 2611380 230793 0.16
2179232 2180221 231004 0.21
2197678 2609779 231141 0.15
2177072 2178060 231352 0.21
2234845 2790291 231415 0.6
2174832 2175819 231700 0.21
2193358 2606537 231837 0.16
2191118 2604857 232185 0.15
2208695 2765374 232496 0.10
2186798 2601615 232881 0.16
2185466 2587145 233055 0.15
2183259 2582981 233403 0.16
2182398 2599374 233577 0.15
2180238 2598334 233925 0.16
2179893 2648669 234099 0.15
2197806 2757795 234236 0.10
2177733 2647608 234447 0.16
2215172 2773530 234547 0.6
2175918 2596173 234621 0.15
2173678 2595012 234969 0.16
2172638 2593972 235143 0.15
2170398 2591731 235491 0.16
2169358 2590690 235665 0.15
2207682 2774378 235765 0.6
2187887 2749806 235802 0.10
2167198 2588529 236013 0.16
2166078 2587409 236187 0.15
2163918 2585248 236535 0.16
2162798 2584127 236709 0.15
2181367 2746406 236846 0.10
2160638 2581966 237057 0.16
2159518 2580846 237231 0.15
2197530 2755686 237331 0.6
2157358 2578685 237579 0.16
2156238 2577564 237753 0.15
2175268 2739325 237897 0.11
2154078 2575403 238101 0.16
2152958 2574283 238275 0.15
2190970 2749683 238375 0.6
2171484 2731835 238412 0.10
2150798 2572122 238623 0.16
2149758 2571081 238797 0.15
2148293 2619209 239145 0.16
2146478 2567800 239319 0.15
2164777 2719274 239456 0.10
2144238 2565559 239667 0.16
2143973 2614803 239841 0.15
2181210 2742640 239941 0.6
2141038 2562357 240189 0.16
2139918 2561237 240363 0.15
2159072 2733167 240507 0.11
2137758 2559076 240711 0.16
2136638 2557955 240885 0.15
2174833 2745386 240985 0.6
2155084 2719789 241022 0.10
2134478 2555794 241233 0.16
2133358 2554674 241407 0.15
2131198 2552513 241755 0.16
2130078 2551392 241929 0.15
2148671 2722472 242066 0.10
2127918 2549231 242277 0.16
2126798 2548111 242451 0.15
2165131 2743457 242551 0.6
2124638 2545950 242799 0.16
2123598 2544909 242973 0.15
2142544 2710525 243117 0.11
2121358 2542668 243321 0.16
2120318 2541628 243495 0.15
2158513 2732825 243595 0.6
2139021 2720535 243632 0.10
2118078 2539386 243843 0.16
2117038 2538346 244017 0.15
2114878 2536185 244365 0.16
2113758 2535065 244539 0.15
2132351 2709911 244676 0.10
2112373 2582568 244887 0.16
2110478 2531783 245061 0.15
2148490 2718109 245161 0.6
2108318 2529622 245409 0.16
2107973 2578080 245583 0.15
2126144 2697919 245727 0.11
2105038 2526341 245931 0.16
2103918 2525220 246105 0.15
2141746 2705546 246205 0.6
2122621 2708430 246242 0.10
2101758 2523059 246453 0.16
2100638 2521938 246627 0.15
2098478 2519777 246975 0.16
2097438 2518737 247149 0.15
2116031 2697912 247286 0.10
2095198 2516496 247497 0.16
2094158 2515456 247671 0.15
2132170 2705583 247771 0.6
2091918 2513214 248019 0.16
2090878 2512174 248193 0.15
2110032 2696487 248337 0.11
2088718 2510013 248541 0.16
2087598 2508892 248715 0.15
2106044 2682732 248852 0.10
2085438 2506731 249063 0.16
2084318 2505611 249237 0.15
2082158 2503450 249585 0.16
2081038 2502329 249759 0.15
2099337 2670309 249896 0.10
2078878 2500168 250107 0.16
2078533 2548049 250281 0.15
2116027 2705185 250381 0.6
2076373 2545846 250629 0.16
2074478 2495766 250803 0.15
2093504 2673428 250947 0.11
2072318 2493605 251151 0.16
2071278 2492565 251325 0.15
2089724 2670767 251462 0.10
2069038 2490324 251673 0.16
2067998 2489283 251847 0.15
2065758 2487042 252195 0.16
2064718 2486002 252369 0.15
2083311 2673312 252506 0.10
2062558 2483841 252717 0.16
2061438 2482720 252891 0.15
2099746 2695314 252991 0.6
2059278 2480559 253239 0.16
2058158 2479439 253413 0.15
2077104 2661383 253557 0.11
2055998 2477278 253761 0.16
2054878 2476157 253935 0.15
2093147 2689316 254035 0.7
2073581 2671191 254072 0.10
2052718 2473996 254283 0.16
2051598 2472876 254457 0.15
2049438 2470715 254805 0.16
2048318 2469594 254979 0.15
2066991 2660751 255116 0.10
2046158 2467433 255327 0.16
2045118 2466393 255501 0.15
2083135 2675701 255601 0.6
2042878 2464152 255849 0.16
2042613 2511408 256023 0.15
2060992 2659285 256167 0.11
2040373 2509123 256371 0.16
2038558 2459830 256545 0.15
2076570 2667926 256645 0.7
2057004 2646196 256682 0.10
2036398 2457669 256893 0.16
2035278 2456548 257067 0.15
2033118 2454387 257415 0.16
2031998 2453267 257589 0.15
2050591 2648672 257726 0.10
2029838 2451106 257937 0.16
2028718 2449985 258111 0.15
2066815 2664321 258211 0.6
2026558 2447824 258459 0.16
2025438 2446704 258633 0.15
2044592 2647192 258777 0.11
2023278 2444543 258981 0.16
2022158 2443422 259155 0.15
2060170 2656440 259255 0.7
2040684 2633670 259292 0.10
2019998 2441261 259503 0.16
2018958 2440221 259677 0.15
2016718 2437980 260025 0.16
2015678 2436939 260199 0.15
2034271 2636111 260336 0.10
2013438 2434698 260547 0.16
2012398 2433658 260721 0.15
2050495 2653421 260821 0.6
2010238 2431497 261069 0.16
2009118 2430376 261243 0.15
2028064 2624326 261387 0.11
2006958 2428215 261591 0.16
2006613 2474685 261765 0.15
2044107 2655930 261865 0.7
2024284 2621624 261902 0.10
2004453 2472482 262113 0.16
2002558 2423813 262287 0.15
2000398 2421652 262635 0.16
1999278 2420532 262809 0.15
2017871 2624032 262946 0.10
1997118 2418371 263157 0.16
1995998 2417250 263331 0.15
2034267 2648779 263431 0.6
1993838 2415089 263679 0.16
1992798 2414049 263853 0.15
2011744 2612360 263997 0.11
1990558 2411808 264201 0.16
1989518 2410767 264375 0.15
2027787 2644480 264475 0.7
2008221 2621928 264512 0.10
1987278 2408526 264723 0.16
1986238 2407486 264897 0.15
1984078 2405325 265245 0.16
1982958 2404204 265419 0.15
2001551 2611511 265556 0.10
1980798 2402043 265767 0.16
1979678 2400923 265941 0.15
2017775 2630982 266041 0.6
1977518 2398762 266289 0.16
1976398 2397641 266463 0.15
1995552 2609990 266607 0.11
1974238 2395480 266811 0.16
1973118 2394360 266985 0.15
2011130 2623185 267085 0.7
1991564 2597093 267122 0.10
1970958 2392199 267333 0.16
1970613 2437962 267507 0.15
1968453 2435759 267855 0.16
1966638 2387877 268029 0.15
1985231 2599512 268166 0.10
1964398 2385636 268377 0.16
1963358 2384595 268551 0.15
2001455 2619562 268651 0.6
1961118 2382354 268899 0.16
1960078 2381314 269073 0.15
1979232 2597977 269217 0.11
1957918 2379153 269421 0.16
1956798 2378032 269595 0.15
1994810 2611740 269695 0.7
1975244 2584567 269732 0.10
1954638 2375871 269943 0.16
1953518 2374751 270117 0.15
1951358 2372590 270465 0.16
1950238 2371469 270639 0.15
1968831 2586871 270776 0.10
1948078 2369308 270987 0.16
1946958 2368188 271161 0.15
1985055 2608582 271261 0.6
1944798 2366027 271509 0.16
1943678 2364906 271683 0.15
1962704 2575303 271827 0.11
1941518 2362745 272031 0.16
1940478 2361705 272205 0.15
1978667 2610974 272305 0.7
1958924 2572602 272342 0.10
1939013 2405728 272553 0.16
1937198 2358423 272727 0.15
1934958 2356182 273075 0.16
1934693 2401321 273249 0.15
1952511 2574872 273386 0.10
1931758 2352981 273597 0.16
1930638 2351860 273771 0.15
1968735 2597162 273871 0.6
1928478 2349699 274119 0.16
1927358 2348579 274293 0.15
1946304 2563257 274437 0.11
1925198 2346418 274641 0.16
1962347 2599564 274915 0.7
1942781 2572585 274952 0.10
1923503 2371836 274989 0.16
1920798 2342016 275337 0.16
1918638 2339855 275685 0.16
1937084 2556194 275822 0.10
1916478 2337694 276033 0.16
1914318 2335533 276381 0.16
1952335 2586183 276481 0.6
1933379 2559578 276525 0.11
1912078 2333292 276729 0.16
1930524 2552392 276866 0.10
1909918 2331131 277077 0.16
1947930 2580685 277177 0.7
1907758 2328970 277425 0.16
1925998 2539673 277562 0.10
1905598 2326809 277773 0.16
1903358 2324568 278121 0.16
1941370 2576844 278221 0.6
1922304 2547410 278265 0.11
1882800 1887065 278332 0.18
1901198 2322407 278469 0.16
1919644 2545309 278606 0.10
1899038 2320246 278817 0.16
1936882 2568098 278917 0.7
1896878 2318085 279165 0.16
1915765 2563995 279302 0.10
1875200 1879436 279550 0.18
1894063 2342036 279687 0.16
1930600 2575723 279961 0.6
1911736 2555310 280005 0.11
1891823 2339769 280035 0.16
1889198 2310401 280383 0.16
1907825 2546447 280520 0.10
1926475 2584273 280657 0.7
1885453 2279977 280905 0.16
1903530 2544926 281216 0.10
1883293 2277842 281253 0.16
1881598 2302798 281601 0.16
1918614 2569184 281875 0.6
1879438 2300637 281949 0.16
1898667 2545221 282093 0.11
1877198 2298396 282297 0.16
1895644 2529462 282434 0.10
1875038 2296235 282645 0.16
1913400 2574732 282745 0.7
1872878 2294074 282993 0.16
1891530 2536690 283130 0.10
1870718 2291913 283341 0.16
1870760 2358169 283689 0.16
1906731 2567158 283789 0.6
1887424 2524520 283833 0.11
1850081 1854306 283900 0.18
1868600 2355944 284037 0.16
1884945 2531669 284174 0.10
1865198 2286390 284385 0.16
1902170 2555594 284485 0.7
1863038 2284229 284733 0.16
1881484 2521298 284870 0.10
1860413 2255220 285255 0.16
1895851 2561174 285529 0.6
1877664 2519117 285573 0.11
1857598 2278787 285777 0.16
1875185 2525726 286088 0.10
1892330 2550672 286225 0.7
1854318 2275505 286299 0.16
1852158 2273344 286647 0.17
1851038 2272224 286821 0.16
1869484 2513134 286958 0.10
1848878 2270063 287169 0.17
1847758 2268942 287343 0.16
1886011 2556756 287443 0.6
1845598 2266781 287691 0.17
1844558 2265741 287865 0.16
1863504 2508752 288009 0.11
1842318 2263500 288213 0.17
1841278 2262459 288387 0.16
1879457 2549572 288487 0.7
1859871 2513111 288524 0.10
1839038 2260218 288735 0.17
1837998 2259178 288909 0.16
1836878 2258057 289257 0.17
1836613 2301272 289431 0.16
1853164 2501169 289568 0.10
1834373 2298987 289779 0.17
1832558 2253735 289953 0.16
1869450 2535945 290053 0.6
1830318 2251494 290301 0.17
1829278 2250454 290475 0.16
1848331 2502894 290619 0.11
1827118 2248293 290823 0.17
1825998 2247172 290997 0.16
1862890 2531583 291097 0.7
1844701 2506834 291134 0.10
1823838 2245011 291345 0.17
1822718 2243891 291519 0.16
1820558 2241730 291867 0.17
1819438 2240609 292041 0.16
1838031 2496658 292178 0.10
1817278 2238448 292389 0.17
1816158 2237328 292563 0.16
1854264 2529725 292663 0.6
1813998 2235167 292911 0.17
1812878 2234046 293085 0.16
1832112 2495610 293229 0.11
1810718 2231885 293433 0.17
1809678 2230845 293607 0.16
1847610 2521738 293707 0.7
1828124 2483721 293744 0.10
1807438 2228604 293955 0.17
1806398 2227563 294129 0.16
1804158 2225322 294477 0.17
1803118 2224282 294651 0.16
1821417 2472933 294788 0.10
1800958 2222121 294999 0.17
1800613 2264549 295173 0.16
1837935 2519665 295273 0.6
1798453 2262346 295521 0.17
1796558 2217719 295695 0.16
1815712 2486290 295839 0.11
1794398 2215558 296043 0.17
1793278 2214437 296217 0.16
1773757 1777555 296254 0.18
1831547 2522910 296317 0.7
1811724 2473876 296354 0.10
1791118 2212276 296565 0.17
1789998 2211156 296739 0.16
1787838 2208995 297087 0.17
1805391 2477034 297398 0.10
1785346 2188289 297435 0.16
1783186 2186146 297783 0.17
1821707 2517968 297883 0.6
1782730 2222069 297957 0.16
1780570 2219890 298305 0.17
1779118 2200271 298479 0.16
1798164 2470331 298623 0.11
1776958 2198110 298827 0.17
1815227 2514714 298927 0.7
1775838 2196989 299001 0.16
1794407 2469308 299138 0.10
1773678 2194828 299349 0.17
1754166 1758528 299386 0.18
1772558 2193708 299523 0.16
1770398 2191547 299871 0.17
1769278 2190426 300045 0.16
1787804 2459750 300182 0.10
1766410 2205605 300567 0.17
1804177 2504677 300667 0.6
1765290 2204475 300741 0.16
1763130 2202296 301089 0.17
1781643 2451747 301233 0.11
1762010 2201166 301263 0.16
1741118 1744903 301474 0.18
1759518 2180662 301611 0.17
1797654 2499821 301711 0.7
1758398 2179541 301785 0.16
1777081 2463684 301922 0.10
1756238 2177380 302133 0.17
1755118 2176260 302307 0.16
1751506 2154718 302829 0.17
1770645 2461960 302966 0.10
1751130 2190189 303003 0.16
1748970 2188010 303351 0.17
1786652 2492118 303451 0.6
1747186 2150432 303525 0.16
1745358 2166495 303873 0.17
1744238 2165375 304047 0.16
1763184 2444403 304191 0.11
1742078 2163214 304395 0.17
1740958 2162093 304569 0.16
1779086 2489110 304669 0.7
1759641 2453313 304706 0.10
1738798 2159932 304917 0.17
1737678 2158812 305091 0.16
1735518 2156651 305439 0.17
1734398 2155530 305613 0.16
1752924 2438500 305750 0.10
1733013 2195592 305961 0.17
1731198 2152329 306135 0.16
1769130 2479239 306235 0.6
1728958 2150088 306483 0.17
1728693 2191185 306657 0.16
1747059 2444111 306801 0.11
1725678 2146806 307005 0.17
1724638 2145766 307179 0.16
1762650 2475997 307279 0.7
1743207 2438181 307316 0.10
1722478 2143605 307527 0.17
1721358 2142484 307701 0.16
1719198 2140323 308049 0.17
1718078 2139203 308223 0.16
1736671 2435418 308360 0.10
1715918 2137042 308571 0.17
1714798 2135921 308745 0.16
1752892 2474168 308845 0.6
1712638 2133760 309093 0.17
1711518 2132640 309267 0.16
1730672 2434785 309411 0.11
1709358 2130479 309615 0.17
1708238 2129358 309789 0.16
1746250 2467754 309889 0.7
1726764 2423213 309926 0.10
1706078 2127197 310137 0.17
1705038 2126157 310311 0.16
1702798 2123916 310659 0.17
1701758 2122875 310833 0.16
1720057 2412594 310970 0.10
1699518 2120634 311181 0.17
1698478 2119594 311355 0.16
1736657 2468649 311455 0.6
1697093 2158951 311703 0.17
1695198 2116312 311877 0.16
1714144 2416030 312021 0.11
1693038 2114151 312225 0.17
1692693 2154463 312399 0.16
1730187 2468753 312499 0.7
1710364 2413369 312536 0.10
1689758 2110870 312747 0.17
1688638 2109749 312921 0.16
1686478 2107588 313269 0.17
1685358 2106468 313443 0.16
1703951 2416276 313580 0.10
1683198 2104307 313791 0.17
1682078 2103186 313965 0.16
1720347 2463771 314065 0.6
1679918 2101025 314313 0.17
1678878 2099985 314487 0.16
1697824 2406265 314631 0.11
1676638 2097744 314835 0.17
1675598 2096703 315009 0.16
1713867 2460557 315109 0.7
1694301 2415909 315146 0.10
1673358 2094462 315357 0.17
1672318 2093422 315531 0.16
1670158 2091261 315879 0.17
1669038 2090140 316053 0.16
1687631 2407006 316190 0.10
1666878 2087979 316401 0.17
1665758 2086859 316575 0.16
1703855 2448660 316675 0.6
1663598 2084698 316923 0.17
1663253 2124431 317097 0.16
1681632 2406341 317241 0.11
1661093 2122228 317445 0.17
1659198 2080296 317619 0.16
1697210 2442142 317719 0.7
1677644 2394240 317756 0.10
1657038 2078135 317967 0.17
1655918 2077014 318141 0.16
1653758 2074853 318489 0.17
1652718 2073813 318663 0.16
1671311 2397174 318800 0.10
1650478 2071572 319011 0.17
1649438 2070531 319185 0.16
1687535 2440486 319285 0.6
1647198 2068290 319533 0.17
1646158 2067250 319707 0.16
1665312 2396538 319851 0.11
1643998 2065089 320055 0.17
1642878 2063968 320229 0.16
1680890 2433978 320329 0.7
1661324 2384996 320366 0.10
1640718 2061807 320577 0.17
1639598 2060687 320751 0.16
1637438 2058526 321099 0.17
1636318 2057405 321273 0.16
1654911 2387864 321410 0.10
1634158 2055244 321621 0.17
1633038 2054123 321795 0.16
1671135 2431710 321895 0.6
1630878 2051962 322143 0.17
1629758 2050842 322317 0.16
1648784 2377932 322461 0.11
1627598 2048681 322665 0.17
1627333 2087790 322839 0.16
1664747 2434765 322939 0.7
1645004 2375231 322976 0.10
1625093 2085505 323187 0.17
1623278 2044359 323361 0.16
1621038 2042118 323709 0.17
1619998 2041077 323883 0.16
1638591 2378032 324020 0.10
1617838 2038917 324231 0.17
1616718 2037796 324405 0.16
1654815 2423536 324505 0.6
1614558 2035635 324753 0.17
1613438 2034514 324927 0.16
1632384 2368048 325071 0.11
1611278 2032353 325275 0.17
1610158 2031233 325449 0.16
1648427 2426569 325549 0.7
1628861 2377504 325586 0.10
1607998 2029072 325797 0.17
1606878 2027951 325971 0.16
1604718 2025790 326319 0.17
1603598 2024670 326493 0.16
1622271 2368762 326630 0.10
1601438 2022509 326841 0.17
1600398 2021468 327015 0.16
1638415 2414760 327115 0.6
1598158 2019227 327363 0.17
1597118 2018187 327537 0.16
1616272 2368054 327681 0.11
1594878 2015946 327885 0.17
1593838 2014905 328059 0.16
1631850 2408366 328159 0.7
1612284 2356142 328196 0.10
1591678 2012744 328407 0.17
1591333 2051068 328581 0.16
1589173 2048864 328929 0.17
1587278 2008342 329103 0.16
1605871 2358890 329240 0.10
1585118 2006181 329451 0.17
1583998 2005061 329625 0.16
1622095 2406586 329725 0.6
1581838 2002900 329973 0.17
1580718 2001779 330147 0.16
1599872 2358171 330291 0.11
1578558 1999618 330495 0.17
1615450 2400163 330769 0.7
1595964 2346898 330806 0.10
1575933 1973958 330843 0.17
1574238 1995296 331191 0.17
1571998 1993055 331539 0.17
1590753 2357886 331676 0.10
1569838 1990894 331887 0.17
1567678 1988733 332235 0.17
1605947 2404151 332335 0.6
1586739 2348101 332379 0.11
1565518 1986572 332583 0.17
1583964 2341416 332720 0.10
1563278 1984331 332931 0.17
1601565 2403697 333031 0.7
1561118 1982170 333279 0.17
1579770 2348910 333416 0.10
1558958 1980009 333627 0.17
1557960 2036020 333975 0.17
1594922 2398994 334075 0.6
1575744 2338634 334119 0.11
1555720 2033714 334323 0.17
1573004 2337534 334460 0.10
1552398 1973446 334671 0.17
1590577 2397033 334771 0.7
1550238 1971285 335019 0.17
1568684 2335933 335156 0.10
1548078 1969124 335367 0.17
1545838 1966883 335715 0.17
1583960 2392772 335815 0.6
1564784 2334232 335859 0.11
1543678 1964722 336063 0.17
1562124 2332131 336200 0.10
1541518 1962561 336411 0.17
1579530 2387677 336511 0.7
1539358 1960400 336759 0.17
1557804 2329410 336896 0.10
1537118 1958159 337107 0.17
1534958 1955998 337455 0.17
1572970 2384395 337555 0.6
1553904 2327149 337599 0.11
1532798 1953837 337803 0.17
1551244 2325608 337940 0.10
1530638 1951676 338151 0.17
1568570 2382154 338251 0.7
1528398 1949435 338499 0.17
1546844 2322807 338636 0.10
1526238 1947274 338847 0.17
1524078 1945113 339195 0.17
1562090 2378393 339295 0.6
1543024 2320626 339339 0.11
1521918 1942952 339543 0.17
1540364 2318525 339680 0.10
1519678 1940711 339891 0.17
1557690 2376192 339991 0.7
1517518 1938550 340239 0.17
1536582 2343008 340376 0.10
1515358 1936389 340587 0.17
1513198 1934228 340935 0.17
1551130 2372870 341035 0.6
1532456 2327192 341079 0.11
1510958 1931987 341283 0.17
1530022 2339121 341420 0.10
1508798 1929826 341631 0.17
1547195 2384695 341731 0.7
1506638 1927665 341979 0.17
1525084 2309241 342116 0.10
1504478 1925504 342327 0.17
1502238 1923263 342675 0.17
1540507 2376229 342775 0.6
1521496 2320550 342819 0.11
1500078 1921102 343023 0.17
1497918 1918941 343371 0.17
1536315 2378657 343471 0.7
1495758 1916780 343719 0.17
1514704 2302658 343863 0.11
1493518 1914539 344067 0.17
1531805 2372472 344167 0.6
1492478 1913499 344415 0.17
1529370 2362025 344515 0.7
1490238 1911258 344763 0.17
1508144 2298816 344907 0.11
1489240 1965247 345111 0.17
1525291 2371352 345211 0.6
1487080 1963022 345459 0.17
1522810 2358743 345559 0.7
1483758 1904775 345807 0.17
1502704 2295574 345951 0.11
1481518 1902534 346155 0.17
1518490 2356582 346255 0.6
1479358 1900373 346503 0.17
1517370 2357103 346603 0.7
1477198 1898212 346851 0.17
1496144 2291733 346995 0.11
1475038 1896051 347199 0.17
1513050 2354982 347299 0.6
1472798 1893810 347547 0.17
1510810 2353821 347647 0.7
1470638 1891649 347895 0.17
1489584 2287331 348039 0.11
1468478 1889488 348243 0.17
1506490 2351700 348343 0.6
1466318 1887327 348591 0.17
1504330 2351140 348691 0.7
1465198 1886206 348939 0.17
1483104 2283609 349083 0.11
1463038 1884045 349287 0.17
1499930 2348939 349387 0.6
1461918 1882925 349635 0.17
1497770 2347858 349735 0.7
1459758 1880764 349983 0.17
1477584 2280247 350127 0.11
1457598 1878603 350331 0.17
1493370 2345617 350431 0.6
1455358 1876362 350679 0.17
1491210 2345097 350779 0.7
1453198 1874201 351027 0.17
1472144 2277526 351171 0.11
1451038 1872040 351375 0.17
1487930 2344017 351475 0.6
1448878 1869879 351723 0.17
1486890 2344057 351823 0.7
1446638 1867638 352071 0.17
1466184 2295531 352215 0.11
1444478 1865477 352419 0.17
1482918 2357162 352519 0.6
1442318 1863316 352767 0.17
1480972 2364249 352867 0.7
1440158 1861155 353115 0.17
1459624 2291651 353259 0.11
1437918 1858914 353463 0.17
1476358 2354383 353563 0.6
1435758 1856753 353811 0.17
1474412 2360976 353911 0.7
1433598 1854592 354159 0.17
1431438 1852431 354507 0.17
1469878 2351120 354607 0.6
1450384 2263960 354651 0.11
1429198 1850190 354855 0.17
1467210 2335293 354955 0.7
1427038 1848029 355203 0.17
1424878 1845868 355551 0.17
1422718 1843707 355899 0.17
1460730 2331531 355999 0.6
1441164 2257977 356036 0.12
1421640 1895627 356247 0.17
1439504 2256877 356391 0.11
1419480 1893402 356595 0.17
1456330 2329290 356695 0.7
1416158 1837144 356943 0.17
1434604 2253615 357080 0.12
1413998 1834983 357291 0.17
1411758 1832742 357639 0.17
1449770 2326008 357739 0.6
1430284 2250934 357776 0.12
1409598 1830581 357987 0.17
1428544 2250274 358131 0.11
1407438 1828420 358335 0.17
1445450 2323847 358435 0.7
1405278 1826259 358683 0.17
1423724 2247092 358820 0.12
1403038 1824018 359031 0.17
1400878 1821857 359379 0.17
1438890 2320046 359479 0.6
1419324 2244331 359516 0.12
1398718 1819696 359727 0.17
1417664 2243190 359871 0.11
1396558 1817535 360075 0.17
1434570 2317885 360175 0.7
1394318 1815294 360423 0.17
1412844 2240009 360560 0.12
1392158 1813133 360771 0.17
1389998 1810972 361119 0.17
1428010 2314603 361219 0.6
1408444 2237248 361256 0.12
1387838 1808811 361467 0.17
1406784 2236667 361611 0.11
1385598 1806570 361815 0.17
1423610 2312362 361915 0.7
1383438 1804409 362163 0.17
1401884 2233406 362300 0.12
1381278 1802248 362511 0.17
1379118 1800087 362859 0.17
1417130 2308640 362959 0.6
1398182 2256968 362996 0.12
1376878 1797846 363207 0.17
1396216 2242740 363351 0.11
1374718 1795685 363555 0.17
1413115 2319966 363655 0.7
1372558 1793524 363903 0.17
1391622 2252555 364040 0.12
1370398 1791363 364251 0.17
1368158 1789122 364599 0.17
1406427 2312150 364699 0.6
1386684 2223641 364736 0.12
1365998 1786961 364947 0.17
1385256 2236098 365091 0.11
1363838 1784800 365295 0.17
1402235 2314492 365395 0.7
1361678 1782639 365643 0.17
1380124 2219279 365780 0.12
1359438 1780398 365991 0.17
1357278 1778237 366339 0.17
1395547 2306686 366439 0.6
1375724 2215958 366476 0.12
1355118 1776076 366687 0.17
1374064 2214857 366831 0.11
1352958 1773915 367035 0.17
1390970 2295554 367135 0.7
1351880 1823782 367383 0.17
1369244 2211116 367520 0.12
1349720 1821557 367731 0.17
1346398 1767352 368079 0.17
1384667 2300660 368179 0.6
1364844 2207794 368216 0.12
1344238 1765191 368427 0.17
1363184 2206694 368571 0.11
1341998 1762950 368775 0.17
1380010 2289472 368875 0.7
1339838 1760789 369123 0.17
1358284 2202872 369260 0.12
1337678 1758628 369471 0.17
1335518 1756467 369819 0.17
1373530 2285750 369919 0.6
1353964 2199630 369956 0.12
1333278 1754226 370167 0.17
1352304 2198530 370311 0.11
1369130 2283509 370615 0.7
1347404 2194708 371000 0.12
1344467 2206877 371522 0.12
1362570 2279667 371659 0.6
1343584 2192527 371703 0.11
1340844 2190866 372044 0.12
1358250 2277506 372355 0.7
1338066 2164063 372392 0.12
1338304 2199634 372573 0.11
1355112 2281947 372877 0.6
1336022 2213928 372914 0.12
1353067 2285915 373225 0.7
1333862 2212835 373262 0.12
1332624 2187005 373443 0.11
1349530 2276426 373747 0.6
1330582 2210041 373784 0.12
1347370 2276426 374095 0.7
1328422 2207855 374132 0.12
1327184 2181562 374313 0.11
1344316 2283218 374617 0.6
1323906 2153267 374654 0.12
1341850 2274185 374965 0.7
1321746 2151131 375002 0.12
1322368 2201721 375183 0.11
1338907 2280974 375487 0.6
1319702 2199028 375524 0.12
1337181 2297620 375835 0.7
1317542 2196842 375872 0.12
1316304 2170677 376053 0.11
1333387 2277639 376357 0.6
1313026 2142510 376394 0.12
1330970 2267662 376705 0.7
1310786 2140295 376742 0.12
1310864 2165235 376923 0.11
1327947 2274345 377227 0.6
1308822 2188015 377264 0.12
1325530 2264380 377575 0.7
1306582 2185748 377612 0.12
1305424 2159792 377793 0.11
1321993 2253348 378097 0.6
1302066 2131674 378134 0.12
1320090 2261139 378445 0.7
1299906 2129538 378482 0.12
1299984 2154350 378663 0.11
1317067 2267796 378967 0.6
1297862 2176921 379004 0.12
1314650 2257857 379315 0.7
1295702 2174735 379352 0.12
1295088 2174107 379533 0.11
1311113 2246850 379837 0.6
1292422 2171415 379874 0.12
1309210 2254616 380185 0.7
1290262 2169228 380222 0.12
1289024 2143385 380403 0.11
1306187 2261248 380707 0.6
1285746 2115538 380744 0.12
1303770 2251334 381055 0.7
1283586 2113403 381092 0.12
1283584 2137942 381273 0.11
1300747 2257993 381577 0.6
1281542 2160402 381614 0.12
1299021 2274460 381925 0.7
1279382 2158215 381962 0.12
1278144 2132500 382143 0.11
1295307 2254699 382447 0.6
1274866 2104781 382484 0.12
1292810 2244731 382795 0.7
1272706 2102646 382832 0.12
1272704 2127057 383013 0.11
1289787 2251364 383317 0.6
1270662 2149389 383354 0.12
1287370 2241490 383665 0.7
1268422 2147121 383702 0.12
1267264 2121615 383883 0.11
1283833 2230507 384187 0.6
1263986 2094024 384224 0.12
1281930 2238208 384535 0.7
1261746 2091810 384572 0.12
1261824 2116172 384753 0.11
1278907 2244816 385057 0.6
1259702 2138295 385094 0.12
1276490 2234967 385405 0.7
1257542 2136108 385442 0.12
1257008 2135562 385623 0.11
1273467 2241522 385927 0.6
1254262 2132788 385964 0.12
1271821 2257940 386275 0.7
1252102 2130602 386312 0.12
1250864 2105207 386493 0.11
1268027 2238267 386797 0.6
1247586 2077810 386834 0.12
1265610 2228444 387145 0.7
1245426 2075674 387182 0.12
1245424 2099764 387363 0.11
1262587 2234973 387667 0.6
1243382 2121775 387704 0.12
1260170 2225162 388015 0.7
1241222 2119589 388052 0.12
1239984 2094322 388233 0.11
1256633 2214283 388537 0.6
1236706 2067053 388574 0.12
1254650 2221841 388885 0.7
1234546 2064917 388922 0.12
1234544 2088879 389103 0.11
1251707 2228424 389407 0.6
1232502 2110762 389444 0.12
1249210 2218559 389755 0.7
1230342 2108576 389792 0.12
1229104 2083437 389973 0.11
1245673 2207706 390277 0.6
1225826 2056296 390314 0.12
1243770 2215318 390625 0.7
1224822 2102988 390662 0.12
1223664 2077994 390843 0.11
1240747 2221795 391147 0.6
1221622 2099749 391184 0.12
1238330 2212036 391495 0.7
1218146 2048703 391532 0.12
1218848 2096935 391713 0.11
1235307 2218541 392017 0.6
1216102 2094161 392054 0.12
1233661 2234780 392365 0.7
1213942 2091975 392402 0.12
1212784 2067109 392583 0.11
1229867 2215247 392887 0.6
1209426 2040082 392924 0.12
1227450 2205513 393235 0.7
1207266 2037946 393272 0.12
1207264 2061587 393453 0.11
1224427 2211993 393757 0.6
1205222 2083148 393794 0.12
1222010 2202272 394105 0.7
1203062 2080962 394142 0.12
1201824 2056144 394323 0.11
1218473 2191443 394627 0.6
1198546 2029325 394664 0.12
1216570 2198990 394975 0.7
1196386 2027189 395012 0.12
1196384 2050702 395193 0.11
1213547 2205444 395497 0.6
1194342 2072135 395534 0.12
1211050 2195669 395845 0.7
1192182 2069949 395882 0.12
1191568 2069321 396063 0.11
1207593 2184945 396367 0.6
1188902 2066629 396404 0.12
1205610 2192387 396715 0.7
1186742 2064442 396752 0.12
1185504 2039817 396933 0.11
1202587 2198815 397237 0.6
1182226 2013189 397274 0.12
1200170 2189146 397585 0.7
1179986 2010974 397622 0.12
1180064 2034374 397803 0.11
1197147 2195521 398107 0.6
1178022 2055616 398144 0.12
1195501 2211580 398455 0.7
1175782 2053348 398492 0.12
1174624 2028932 398673 0.11
1191707 2192267 398977 0.6
1171266 2002353 399014 0.12
1189290 2182623 399325 0.7
1169106 2000218 399362 0.12
1169184 2023489 399543 0.11
1186267 2188450 399847 0.6
1167062 2044522 399884 0.12
1183850 2178261 400195 0.7
1164902 2042335 400232 0.12
1163664 2017967 400413 0.11
1180313 2167008 400717 0.6
1160386 1991596 400754 0.12
1178410 2173899 401065 0.7
1158226 1989461 401102 0.12
1158224 2012524 401283 0.11
1175387 2179692 401587 0.6
1156182 2033509 401624 0.12
1172970 2169577 401935 0.7
1154022 2031322 401972 0.12
1153408 2030695 402153 0.11
1169433 2158318 402457 0.6
1150742 2028002 402494 0.12
1168221 2190607 402805 0.7
1148582 2025816 402842 0.12
1147344 2001639 403023 0.11
1164507 2170974 403327 0.6
1144066 1975461 403364 0.12
1162010 2160773 403675 0.7
1141906 1973325 403712 0.12
1141904 1996197 403893 0.11
1158987 2166514 404197 0.6
1139862 2016989 404234 0.12
1156570 2156410 404545 0.7
1137622 2014722 404582 0.12
1136464 1990754 404763 0.11
1153547 2162135 405067 0.6
1133186 1964704 405104 0.12
1151130 2152089 405415 0.7
1130946 1962489 405452 0.12
1131024 1985312 405633 0.11
1148107 2157756 405937 0.6
1128902 2005895 405974 0.12
1145690 2147166 406285 0.7
1126742 2003709 406322 0.12
1125584 1979869 406503 0.11
1142153 2135477 406807 0.6
1122226 1953868 406844 0.12
1140250 2141724 407155 0.7
1121302 1998202 407192 0.12
1120064 1974347 407373 0.11
1137227 2146828 407677 0.6
1118022 1994882 407714 0.12
1134810 2136281 408025 0.7
1114626 1946354 408062 0.12
1115248 1992068 408243 0.11
1131787 2141364 408547 0.6
1112582 1989375 408584 0.12
1130141 2155907 408895 0.7
1110422 1987189 408932 0.12
1109184 1963462 409113 0.11
1126347 2135901 409417 0.6
1105906 1937732 409454 0.12
1123850 2125316 409765 0.7
1103746 1935597 409802 0.12
1103744 1958019 409983 0.11
1120907 2130437 410287 0.6
1101702 1978362 410324 0.12
1118410 2119874 410635 0.7
1099542 1976176 410672 0.12
1098304 1952577 410853 0.11
1114873 2108292 411157 0.6
1095026 1926975 411194 0.12
1112970 2114431 411505 0.7
1092786 1924761 411542 0.12
1092864 1947134 411723 0.11
1109947 2119429 412027 0.6
1090822 1967349 412064 0.12
1107530 2108989 412375 0.7
1088582 1965082 412412 0.12
1087424 1941692 412593 0.11
1103993 2097450 412897 0.6
1083644 1937910 413108 0.12
1102090 2103546 413245 0.7
1080805 1950886 413630 0.12
1099067 2108501 413767 0.6
1079744 1934008 413811 0.11
1076642 1915117 414152 0.13
1095880 2108197 414289 0.7
1076405 1946447 414326 0.12
1074245 1944268 414674 0.13
1072322 1910832 414848 0.12
1091436 2099902 414985 0.6
1072589 1942593 415029 0.11
1069925 1939909 415370 0.13
1088226 2098834 415507 0.7
1067922 1906467 415544 0.12
1065762 1904324 415892 0.13
1065525 1935470 416066 0.12
1083732 2091433 416203 0.6
1064544 1918801 416247 0.11
1061362 1899959 416588 0.13
1080250 2081696 416725 0.7
1061205 1931112 416762 0.12
1058965 1928852 417110 0.13
1057042 1895673 417284 0.12
1076113 2083193 417421 0.6
1056864 1911118 417465 0.11
1054645 1924494 417806 0.13
1072650 2074093 417943 0.7
1052642 1891308 417980 0.12
1051365 1921185 418328 0.13
1050245 1920055 418502 0.12
1068146 2063973 418639 0.6
1049709 1919510 418683 0.11
1047045 1916827 419024 0.13
1065050 2066489 419161 0.7
1045925 1915697 419198 0.12
1042882 1881626 419546 0.13
1042645 1912388 419720 0.12
1060833 2067863 419857 0.6
1041584 1895831 419901 0.11
1038482 1877261 420242 0.13
1057920 2076107 420379 0.7
1038325 1908029 420416 0.12
1036085 1905769 420764 0.13
1034162 1872975 420938 0.12
1053233 2060239 421075 0.6
1033984 1888227 421119 0.11
1031765 1901411 421460 0.13
1029762 1868610 421634 0.12
1027602 1866467 421982 0.13
1027365 1896972 422156 0.12
1045370 2047921 422293 0.7
1026384 1880624 422337 0.11
1023202 1862102 422678 0.13
1042491 2055265 422815 0.6
1023045 1892614 422852 0.12
1020885 1890435 423200 0.13
1018882 1857816 423374 0.12
1018704 1872940 423555 0.11
1016485 1885996 423896 0.13
1034306 2032926 424033 0.7
1015365 1884866 424070 0.12
1013205 1882687 424418 0.13
1012165 1881637 424592 0.12
1030170 2034875 424729 0.6
1011549 1881012 424773 0.11
1008885 1878328 425114 0.13
1027073 2037846 425251 0.8
1006882 1845912 425288 0.12
1004722 1843769 425636 0.13
1004485 1873889 425810 0.12
1022673 2033953 425947 0.7
1003504 1857733 425991 0.11
1000322 1839404 426332 0.13
1019334 2029394 426469 0.6
1000165 1869531 426506 0.12
997925 1867271 426854 0.13
996002 1835118 427028 0.12
1015073 2027452 427165 0.8
995824 1850050 427209 0.11
993605 1862913 427550 0.13
1011793 2024683 427687 0.7
991602 1830753 427724 0.12
989442 1828610 428072 0.13
989205 1858474 428246 0.12
1007290 2015266 428383 0.6
988224 1842446 428427 0.11
985122 1824325 428768 0.13
1004193 2018142 428905 0.8
984885 1854115 428942 0.12
982725 1851936 429290 0.13
981605 1850806 429464 0.12
999793 2014289 429601 0.7
980544 1834763 429645 0.11
978325 1847497 429986 0.13
996454 2009748 430123 0.6
977285 1846448 430160 0.12
975045 1844188 430508 0.13
973122 1812420 430682 0.12
992193 2007748 430819 0.8
973389 1842513 430863 0.11
970725 1839830 431204 0.13
988913 2005019 431341 0.7
968722 1808055 431378 0.12
966562 1805912 431726 0.13
966325 1835391 431900 0.12
984330 1995577 432037 0.6
965344 1819556 432081 0.11
962162 1801547 432422 0.13
981313 1998478 432559 0.8
962005 1831033 432596 0.12
959845 1828853 432944 0.13
957842 1797261 433118 0.12
976913 1994625 433255 0.7
957664 1811872 433299 0.11
955445 1824414 433640 0.13
973574 1990061 433777 0.6
953442 1792896 433814 0.12
951282 1790754 434162 0.13
951125 1820056 434336 0.12
968946 1976977 434473 0.8
950064 1804269 434517 0.11
946962 1786468 434858 0.13
966033 1985355 434995 0.7
946725 1815617 435032 0.12
944565 1813438 435380 0.13
943445 1812308 435554 0.12
961691 1983192 435691 0.6
942464 1796665 435735 0.11
940165 1808999 436076 0.13
958353 1978733 436213 0.8
939125 1807950 436250 0.12
936885 1805690 436598 0.13
934962 1774563 436772 0.12
954033 1974961 436909 0.7
935229 1804015 436953 0.11
932565 1801332 437294 0.13
950694 1970415 437431 0.6
930562 1770198 437468 0.12
928402 1766984 437816 0.13
928165 1795278 437990 0.12
946433 1968420 438127 0.8
927184 1779217 438171 0.11
924082 1760555 438512 0.13
943153 1965129 438649 0.7
923845 1788701 438686 0.12
921685 1785432 439034 0.13
919682 1754008 439208 0.12
938811 1960780 439345 0.6
919504 1767732 439389 0.11
917285 1778773 439730 0.13
935106 1943775 439867 0.8
915362 1747579 439904 0.12
913122 1744246 440252 0.13
912965 1772236 440426 0.12
930786 1937829 440563 0.7
912349 1771045 440607 0.11
909685 1767272 440948 0.13
927814 1942590 441085 0.6
908565 1766142 441122 0.12
906405 1763398 441470 0.13
905285 1761744 441644 0.12
923473 1938322 441781 0.8
904304 1745962 441825 0.11
901122 1726984 442166 0.13
920273 1935072 442303 0.7
900965 1754076 442340 0.12
898805 1749718 442688 0.13
896802 1718334 442862 0.12
915931 1930696 442999 0.6
896624 1731235 443043 0.11
894405 1740840 443384 0.13
912593 1923032 443521 0.8
892402 1709683 443558 0.12
890242 1705397 443906 0.13
890085 1732123 444080 0.12
908273 1914846 444217 0.7
889024 1715948 444261 0.11
885922 1696747 444602 0.13
904934 1907106 444739 0.6
885685 1723245 444776 0.12
883525 1718887 445124 0.13
881522 1688096 445298 0.12
900593 1900599 445435 0.8
881424 1700741 445479 0.11
879125 1710090 445820 0.13
896946 1883996 445957 0.7
877202 1679445 445994 0.12
875845 1703471 446342 0.13
874805 1701292 446516 0.12
892810 1881124 446653 0.6
874189 1699618 446697 0.11
871525 1694674 447038 0.13
889713 1880334 447175 0.8
870405 1692495 447212 0.12
867362 1659922 447560 0.13
867125 1685877 447734 0.12
885393 1872227 447871 0.7
866144 1670167 447915 0.11
863042 1651350 448256 0.13
882054 1864486 448393 0.6
862805 1677079 448430 0.12
860645 1672721 448778 0.13
858642 1642620 448952 0.12
877713 1857981 449089 0.8
858464 1654880 449133 0.11
856245 1663924 449474 0.13
874433 1851961 449611 0.7
854322 1634049 449648 0.12
852082 1629684 449996 0.13
851925 1655127 450170 0.12
869930 1838584 450307 0.6
850864 1639593 450351 0.11
847762 1621033 450692 0.13
866833 1837715 450829 0.8
847525 1646329 450866 0.12
845365 1641890 451214 0.13
843362 1612383 451388 0.12
862433 1829528 451525 0.7
843264 1624386 451569 0.11
840965 1633093 451910 0.13
859174 1821906 452047 0.6
839925 1630914 452084 0.12
837765 1626555 452432 0.13
836645 1624296 452606 0.12
854833 1815282 452743 0.8
836029 1622621 452787 0.11
833365 1617677 453128 0.13
851553 1809303 453265 0.7
831362 1588573 453302 0.12
829202 1584288 453650 0.13
829045 1608961 453824 0.12
847050 1796085 453961 0.6
827984 1593812 454005 0.11
824882 1575637 454346 0.13
843953 1795096 454483 0.8
824645 1600083 454520 0.12
822485 1595724 454868 0.13
820482 1566986 455042 0.12
839553 1786870 455179 0.7
820384 1578605 455223 0.11
818085 1586927 455564 0.13
836214 1779245 455701 0.6
816162 1558335 455738 0.12
813922 1553970 456086 0.13
813765 1578130 456260 0.12
831586 1762760 456397 0.8
812704 1563318 456441 0.11
809602 1545320 456782 0.13
828673 1766604 456919 0.7
809365 1569332 456956 0.12
807205 1564893 457304 0.13
806085 1562714 457478 0.12
824411 1760032 457615 0.6
805104 1548031 457659 0.11
802885 1556177 458000 0.13
820706 1742648 458137 0.8
801765 1553917 458174 0.12
799605 1549559 458522 0.13
797602 1521510 458696 0.12
816673 1744251 458833 0.7
797869 1545624 458877 0.11
795205 1540761 459218 0.13
813334 1736665 459355 0.6
793282 1512939 459392 0.12
791042 1508574 459740 0.13
790885 1531964 459914 0.12
809073 1730005 460051 0.8
789824 1517457 460095 0.11
786722 1499923 460436 0.13
805793 1723985 460573 0.7
786485 1523167 460610 0.12
784325 1518728 460958 0.13
782322 1491273 461132 0.12
801451 1717296 461269 0.6
782224 1502250 461313 0.11
779925 1509930 461654 0.13
798193 1709819 461791 0.8
778002 1482622 461828 0.12
775842 1478336 462176 0.13
775605 1501133 462350 0.12
793426 1692046 462487 0.7
774544 1486963 462531 0.11
772325 1494515 462872 0.13
790454 1694045 463009 0.6
771205 1492336 463046 0.12
769045 1487977 463394 0.13
768005 1485798 463568 0.12
786193 1687386 463705 0.8
766944 1471676 463749 0.11
763842 1454527 464090 0.13
782913 1681367 464227 0.7
763605 1476920 464264 0.12
761445 1472562 464612 0.13
760624 1465230 464793 0.11
778571 1674600 464923 0.6
757724 1453728 465134 0.13
775233 1667120 465445 0.8
754946 1432354 465482 0.13
755227 1455406 465663 0.11
772235 1666285 465967 0.7
752902 1459817 466004 0.13
769743 1656011 466315 0.6
750742 1455444 466352 0.13
749504 1436780 466533 0.11
766330 1646656 466837 0.8
746226 1415111 466874 0.13
763943 1637170 467185 0.7
743986 1410761 467222 0.13
744064 1425895 467403 0.11
761032 1640418 467707 0.6
742022 1437791 467744 0.13
758987 1639414 468055 0.8
739782 1433337 468092 0.13
738624 1415010 468273 0.11
755193 1620667 468577 0.7
736502 1426697 468614 0.13
753122 1619054 468925 0.6
734342 1422324 468962 0.13
733184 1404125 469143 0.11
750267 1623545 469447 0.8
729826 1382761 469484 0.13
748107 1619728 469795 0.7
727666 1378411 469832 0.13
728288 1409550 470013 0.11
744737 1611509 470317 0.6
725622 1404671 470354 0.13
742667 1609885 470665 0.8
723462 1400217 470702 0.13
722224 1382275 470883 0.11
739387 1603296 471187 0.7
718946 1361168 471224 0.13
736970 1592711 471535 0.6
716786 1356897 471572 0.13
716784 1371390 471753 0.11
733947 1592369 472057 0.8
714742 1382564 472094 0.13
731707 1587949 472405 0.7
712582 1378191 472442 0.13
711344 1360425 472623 0.11
728417 1579292 472927 0.6
708066 1339654 472964 0.13
725753 1564701 473275 0.8
705906 1335383 473312 0.13
705904 1349540 473493 0.11
722987 1570433 473797 0.7
703862 1360538 473834 0.13
720570 1559976 474145 0.6
701622 1356084 474182 0.13
701088 1354404 474363 0.11
717033 1547322 474667 0.8
698422 1349525 474704 0.13
715387 1555086 475015 0.7
696182 1345071 475052 0.13
695024 1327770 475233 0.11
712017 1546473 475537 0.6
691666 1307304 475574 0.13
709947 1544158 475885 0.8
689506 1303033 475922 0.13
689584 1316885 476103 0.11
706667 1537569 476407 0.7
687462 1327418 476444 0.13
704600 1535408 476755 0.6
685302 1322964 476792 0.13
684064 1305920 476973 0.11
701227 1526642 477277 0.8
680786 1285790 477314 0.13
698553 1510410 477625 0.7
678626 1281440 477662 0.13
678624 1295035 477843 0.11
695697 1513655 478147 0.6
676582 1305310 478184 0.13
693627 1511375 478495 0.8
674422 1300938 478532 0.13
673184 1284150 478713 0.11
689833 1493030 479017 0.7
669906 1264197 479054 0.13
687850 1494506 479365 0.6
667746 1259926 479402 0.13
667744 1273185 479583 0.11
684907 1493859 479887 0.8
665702 1283284 479924 0.13
682667 1489439 480235 0.7
663542 1278911 480272 0.13
662928 1277150 480453 0.11
679297 1480836 480757 0.6
660262 1272271 480794 0.13
677227 1478512 481105 0.8
658022 1267817 481142 0.13
656864 1251415 481323 0.11
673947 1471923 481627 0.7
653586 1231927 481664 0.13
671530 1461771 481975 0.6
651346 1227576 482012 0.13
651424 1240530 482193 0.11
668507 1460995 482497 0.8
649302 1250164 482534 0.13
666347 1456576 482845 0.7
647142 1245791 482882 0.13
645984 1229645 483063 0.11
662977 1448017 483367 0.6
642626 1210334 483404 0.13
660393 1434354 483715 0.8
640466 1205983 483752 0.13
640464 1218680 483933 0.11
657627 1439060 484237 0.7
638422 1228138 484274 0.13
655210 1429116 484585 0.6
636262 1223684 484622 0.13
635024 1207795 484803 0.11
651673 1416975 485107 0.8
632982 1217044 485144 0.13
649513 1412670 485455 0.7
630822 1212671 485492 0.13
629584 1196910 485673 0.11
646657 1415279 485977 0.6
626306 1177984 486014 0.13
644507 1412785 486325 0.8
624146 1173713 486362 0.13
624768 1199897 486543 0.11
641307 1406277 486847 0.7
622102 1195018 486884 0.13
639160 1403849 487195 0.6
619942 1190645 487232 0.13
618704 1175060 487413 0.11
635787 1395268 487717 0.8
615426 1156470 487754 0.13
633627 1390930 488065 0.7
613186 1152120 488102 0.13
613264 1164175 488283 0.11
630257 1382460 488587 0.6
611222 1172992 488624 0.13
628187 1379921 488935 0.8
608982 1168538 488972 0.13
607824 1153290 489153 0.11
624393 1362683 489457 0.7
604466 1134877 489494 0.13
622490 1363646 489805 0.6
602306 1130606 489842 0.13
602384 1142405 490023 0.11
619467 1362405 490327 0.8
600262 1150885 490364 0.13
617307 1358066 490675 0.7
598102 1146431 490712 0.13
597488 1144751 490893 0.11
613602 1342755 491197 0.6
594822 1139872 491234 0.13
611353 1336614 491545 0.8
592662 1135418 491582 0.13
591424 1120554 491763 0.11
608587 1340550 492067 0.7
588146 1102527 492104 0.13
606170 1330991 492415 0.6
585986 1098256 492452 0.13
585984 1109669 492633 0.11
603147 1329622 492937 0.8
583942 1117764 492974 0.13
600907 1325203 493285 0.7
581782 1113392 493322 0.13
580544 1098704 493503 0.11
597617 1316903 493807 0.6
577266 1081013 493844 0.13
595467 1314275 494155 0.8
575106 1076742 494192 0.13
575104 1087819 494373 0.11
592187 1307686 494677 0.7
573062 1095738 494714 0.13
590120 1305199 495025 0.6
570822 1091285 495062 0.13
569664 1076934 495243 0.11
586233 1286628 495547 0.8
566386 1059499 495584 0.13
584073 1282243 495895 0.7
564146 1055149 495932 0.13
564224 1066049 496113 0.11
581217 1284084 496417 0.6
562102 1073631 496454 0.13
579147 1281412 496765 0.8
559942 1069258 496802 0.13
559408 1067578 496983 0.11
575867 1274823 497287 0.7
556662 1062618 497324 0.13
573800 1272289 497635 0.6
554502 1058164 497672 0.13
553264 1044199 497853 0.11
570427 1263895 498157 0.8
549986 1027149 498194 0.13
568267 1259556 498505 0.7
547826 1022799 498542 0.13
547824 1033314 498723 0.11
564897 1251265 499027 0.6
545782 1040511 499064 0.13
562827 1248629 499375 0.8
543622 1036138 499412 0.13
542384 1022429 499593 0.11
559033 1232336 499897 0.7
539106 1005556 499934 0.13
557050 1232786 500245 0.6
536946 1001285 500282 0.13
536944 1011464 500463 0.11
554107 1231112 500767 0.8
534902 1018485 500804 0.13
551867 1226693 501115 0.7
532742 1014112 501152 0.13
531504 1000579 501333 0.11
548162 1212230 501637 0.6
528226 984042 501674 0.13
545913 1206267 501985 0.8
527222 1003018 502022 0.13
525988 1016063 502370 0.13
543147 1209176 502507 0.7
522284 982631 502718 0.13
540730 1200051 502855 0.6
520124 978309 503066 0.13
538570 1195729 503203 0.8
517884 973907 503414 0.13
536410 1191407 503551 0.7
515724 969585 503762 0.13
534353 1190330 503899 0.6
513564 965183 504110 0.13
532306 1187954 504247 0.8
511404 960861 504458 0.13
529850 1178281 504595 0.7
509164 956459 504806 0.13
527892 1177594 504943 0.6
507004 952137 505154 0.13
525450 1169557 505291 0.8
504844 947735 505502 0.13
523290 1165155 505639 0.7
502684 943413 505850 0.13
521130 1160833 505987 0.6
500444 939011 506198 0.13
518970 1156511 506335 0.8
498284 934689 506546 0.13
516730 1152109 506683 0.7
496124 930287 506894 0.13
514570 1147707 507031 0.6
493964 925965 507242 0.13
512410 1143385 507379 0.8
491724 921563 507590 0.13
510250 1139063 507727 0.7
489564 917241 507938 0.13
508010 1134661 508075 0.6
487404 912839 508286 0.13
506492 1141340 508423 0.8
485244 908517 508634 0.13
504332 1136976 508771 0.7
483004 904115 508982 0.13
501958 1128946 509119 0.6
480844 899793 509330 0.13
499932 1128166 509467 0.8
478684 895391 509678 0.13
497772 1123721 509815 0.7
476524 891069 510026 0.13
495398 1115734 510163 0.6
474284 886667 510374 0.13
492810 1104167 510511 0.8
472124 882345 510722 0.13
490570 1099765 510859 0.7
469964 877943 511070 0.13
488838 1102522 511207 0.6
467804 873621 511418 0.13
486250 1091041 511555 0.8
465564 869219 511766 0.13
484090 1086719 511903 0.7
481850 1082317 512251 0.6
479690 1077915 512599 0.8
477530 1073593 512947 0.7
476183 1067725 513121 0.6
475370 1069271 513295 0.8
473821 1060056 513469 0.7
473130 1064869 513643 0.6
471539 1053778 513817 0.8
470970 1060467 513991 0.7
470200 1063965 514165 0.6
468810 1056145 514339 0.8
468975 1074650 514513 0.7
467078 1058698 514687 0.6
466815 1070162 514861 0.8
464410 1047421 515035 0.7
463798 1051568 515209 0.6
462250 1041938 515383 0.8
461130 1039257 515557 0.7
459661 1029761 515731 0.6
458970 1033815 515905 0.8
457930 1031133 516079 0.7
457238 1035053 516253 0.6
455690 1025611 516427 0.8
454650 1022930 516601 0.7
453101 1013461 516775 0.6
452410 1017447 516949 0.8
451370 1014726 517123 0.7
451021 1023911 517297 0.8
448439 997449 517471 0.7
448090 1006522 517645 0.8
446970 1003801 517819 0.7
445930 1001120 517993 0.8
444810 998318 518167 0.7
443690 995637 518341 0.8
442650 992916 518515 0.7
441530 990195 518689 0.8
440490 987513 518863 0.7
439370 984712 519037 0.8
438250 981991 519211 0.7
437210 979310 519385 0.8
438017 1005229 519559 0.7
434970 973827 519733 0.8
435857 999668 519907 0.7
432810 968385 520081 0.8
431770 965703 520255 0.7
430650 962902 520429 0.8
429530 960181 520603 0.7
428490 957500 520777 0.8
427370 954698 520951 0.7
426250 952017 521125 0.8
425210 949296 521299 0.7
424090 946575 521473 0.8
423050 943893 521647 0.7
421930 941092 521821 0.8
420810 938371 521995 0.7
419770 935690 522169 0.8
419935 951180 522343 0.8
417530 930207 522517 0.8
416490 927486 522691 0.8
415370 924764 522865 0.8
414330 922083 523039 0.8
413210 919282 523213 0.8
412090 916561 523387 0.8
411050 913879 523561 0.8
409930 911078 523735 0.8
408810 908397 523909 0.8
407770 905676 524083 0.8
406650 902954 524257 0.8
405610 900273 524431 0.8
404490 897472 524605 0.8
403370 894751 524779 0.8
402330 892069 524953 0.8
401210 889268 525127 0.8
403944 938739 525301 0.8
399050 883866 525475 0.8
397930 881144 525649 0.8
396890 878463 525823 0.8
395770 876222 525997 0.8
394650 873461 526171 0.8
393610 870820 526345 0.8
392490 868018 526519 0.8
391370 865297 526693 0.8
390330 862616 526867 0.8
389210 859855 527041 0.8
388170 857213 527215 0.8
384645 834952 527563 0.8
383770 846208 527911 0.8
382650 843487 528085 0.9
381610 840806 528259 0.8
380490 838045 528433 0.9
379450 835403 528607 0.8
378330 832602 528781 0.9
377210 829841 528955 0.8
376170 827720 529129 0.9
375050 824959 529303 0.8
373930 822237 529477 0.9
372890 819516 529651 0.8
371770 816795 529825 0.9
370730 814114 529999 0.8
369610 811352 530173 0.9
368490 808591 530347 0.8
367450 805910 530521 0.9
368257 826771 530695 0.8
365210 800427 530869 0.9
366097 821168 531043 0.8
363050 794985 531217 0.9
362010 792304 531391 0.8
360890 789542 531565 0.9
359770 786781 531739 0.8
358730 784100 531913 0.9
357610 781339 532087 0.8
356490 778617 532261 0.9
355450 775896 532435 0.8
354330 773175 532609 0.9
353290 770494 532783 0.8
352170 767732 532957 0.9
351050 764971 533131 0.8
350010 762290 533305 0.9
348890 759529 533479 0.8
347770 756807 533653 0.9
346730 754086 533827 0.8
345610 751365 534001 0.9
344570 748684 534175 0.8
343450 745922 534349 0.9
342330 743161 534523 0.8
341290 740480 534697 0.9
340170 737719 534871 0.8
339050 734997 535045 0.9
338010 732276 535219 0.8
336890 729555 535393 0.9
335850 726874 535567 0.8
334730 724112 535741 0.9
333610 721351 535915 0.8
332570 718670 536089 0.9
331450 715909 536263 0.8
332257 734163 536437 0.9
329290 710466 536611 0.8
330097 728561 536785 0.9
327130 705064 536959 0.8
326010 702302 537133 0.9
324890 699541 537307 0.8
323850 696860 537481 0.9
322730 694098 537655 0.8
321610 691377 537829 0.9
320570 688656 538003 0.8
319450 685935 538177 0.9
318410 683253 538351 0.8
317290 680492 538525 0.9
316170 677731 538699 0.8
315130 675050 538873 0.9
314010 672288 539047 0.8
312890 669567 539221 0.9
311850 666846 539395 0.8
310730 664125 539569 0.9
309690 661443 539743 0.8
308570 658682 539917 0.9
307450 655921 540091 0.8
306410 653240 540265 0.9
305290 650478 540439 0.8
304170 647757 540613 0.9
303130 645036 540787 0.8
302010 642315 540961 0.9
300970 639633 541135 0.8
299850 636872 541309 0.9
298730 634111 541483 0.8
297690 631430 541657 0.9
298497 647159 541831 0.8
295450 625947 542005 0.9
296337 641556 542179 0.8
293290 620505 542353 0.9
292250 617823 542527 0.8
291130 615062 542701 0.9
290010 612301 542875 0.8
288970 609620 543049 0.9
287850 606858 543223 0.8
286730 604137 543397 0.9
285690 601416 543571 0.8
284570 599215 543745 0.9
283530 596574 543919 0.8
282410 593772 544093 0.9
281290 591051 544267 0.8
280250 588370 544441 0.9
279130 585569 544615 0.8
278010 582887 544789 0.9
276970 580166 544963 0.8
275850 577405 545137 0.9
274810 574764 545311 0.8
273690 571962 545485 0.9
272570 569241 545659 0.8
271530 566560 545833 0.9
270410 563759 546007 0.8
269290 561077 546181 0.9
268250 558356 546355 0.8
267130 555595 546529 0.9
266090 552954 546703 0.8
264970 550152 546877 0.9
263850 547431 547051 0.8
262810 544750 547225 0.9
261690 541949 547399 0.8
262497 555128 547573 0.9
259530 536546 547747 0.8
260337 549484 547921 0.9
257370 531144 548095 0.8
256250 528342 548269 0.9
255130 525621 548443 0.8
254090 522940 548617 0.9
252970 520139 548791 0.8
251850 517457 548965 0.9
250810 514736 549139 0.8
249690 511975 549313 0.9
248650 509334 549487 0.8
247530 506532 549661 0.9
246410 503811 549835 0.8
245370 501130 550009 0.9
244250 498329 550183 0.8
243130 495647 550357 0.9
242090 492926 550531 0.8
240970 490165 550705 0.9
239930 487524 550879 0.8
238810 484722 551053 0.9
237690 482001 551227 0.8
236650 479320 551401 0.9
235530 476518 551575 0.8
234410 473837 551749 0.9
233370 471116 551923 0.8
232250 468355 552097 0.9
231210 465714 552271 0.8
230090 462912 552445 0.9
228970 460191 552619 0.8
227930 457510 552793 0.9
228737 468082 552967 0.8
225690 452027 553141 0.9
226577 462521 553315 0.8
223530 446545 553489 0.9
222490 443903 553663 0.8
221370 441102 553837 0.9
220250 438381 554011 0.8
219210 435700 554185 0.9
218090 432898 554359 0.8
216970 430217 554533 0.9
215930 427496 554707 0.8
214810 424735 554881 0.9
213770 422093 555055 0.8
212650 419292 555229 0.9
211530 416571 555403 0.8
210490 413890 555577 0.9
209370 411088 555751 0.8
208250 408407 555925 0.9
207210 405686 556099 0.8
206090 402925 556273 0.9
205050 400283 556447 0.8
203930 397482 556621 0.9
202810 394761 556795 0.8
201770 392080 556969 0.9
201935 396911 557143 0.9
199530 386597 557317 0.9
198490 383876 557491 0.9
197370 381115 557665 0.9
196330 378473 557839 0.9
195210 375672 558013 0.9
194090 372951 558187 0.9
193050 370270 558361 0.9
191930 367468 558535 0.9
194664 386245 558709 0.9
189770 362066 558883 0.9
188650 359305 559057 0.9
187610 356663 559231 0.9
186490 353862 559405 0.9
185370 351141 559579 0.9
184330 348460 559753 0.9
183210 345658 559927 0.9
182090 342977 560101 0.9
181050 340256 560275 0.9
179930 337495 560449 0.9
178890 334853 560623 0.9
177770 332052 560797 0.9
176650 329331 560971 0.9
175610 326650 561145 0.9
174490 323848 561319 0.9
173370 321167 561493 0.9
172330 318446 561667 0.9
171210 315685 561841 0.9
170170 313043 562015 0.9
169050 310242 562189 0.9
167930 307521 562363 0.9
166890 304840 562537 0.9
165770 302038 562711 0.9
164650 299357 562885 0.9
163610 296636 563059 0.9
162490 293875 563233 0.9
161450 291233 563407 0.9
160330 288432 563581 0.9
159210 285711 563755 0.9
158170 283030 563929 0.9
160904 296712 564103 0.9
155930 277547 564277 0.9
154890 274826 564451 0.9
153770 272065 564625 0.9
152730 269423 564799 0.9
151610 266622 564973 0.9
150490 263901 565147 0.9
149450 261220 565321 0.9
148330 258418 565495 0.9
147210 255737 565669 0.9
146170 253016 565843 0.9
145050 250255 566017 0.9
144010 247613 566191 0.9
142890 244812 566365 0.9
141770 242091 566539 0.9
140730 239410 566713 0.9
139610 236608 566887 0.9
138490 233927 567061 0.9
137450 231206 567235 0.9
136330 228444 567409 0.9
135290 225803 567583 0.9
134170 223002 567757 0.9
133050 220281 567931 0.9
132010 217599 568105 0.9
130890 214798 568279 0.9
129770 212117 568453 0.9
128730 209396 568627 0.9
127610 206634 568801 0.9
126570 203993 568975 0.9
125450 201192 569149 0.9
124330 198471 569323 0.9
123290 195789 569497 0.9
122170 192988 569671 0.9
124904 201502 569845 0.9
120010 187586 570019 0.9
118890 184824 570193 0.9
117850 182183 570367 0.9
116730 179382 570541 0.9
115610 176661 570715 0.9
114570 173979 570889 0.9
113450 171178 571063 0.9
112330 168497 571237 0.9
111290 165776 571411 0.9
110170 163014 571585 0.9
109130 160373 571759 0.9
108010 157572 571933 0.9
106890 154851 572107 0.9
105850 152169 572281 0.9
104730 149368 572455 0.9
103610 146687 572629 0.9
102570 143966 572803 0.9
101450 141204 572977 0.9
100410 138563 573151 0.9
99290 135762 573325 0.9
98170 133041 573499 0.9
97130 130359 573673 0.9
96010 127558 573847 0.9
94890 124877 574021 0.9
93850 122156 574195 0.9
92730 119394 574369 0.9
91690 116753 574543 0.9
90570 113952 574717 0.9
31999 32012 574828 0.18
89450 111231 574891 0.9
30881 30891 575002 0.18
88410 108549 575065 0.9
29760 29768 575176 0.18
91144 111969 575239 0.9
48310 49413 575313 0.14
86170 103067 575413 0.9
47191 47729 575487 0.14
85130 100346 575587 0.9
46071 46086 575661 0.14
84010 97584 575761 0.9
82970 94943 575935 0.9
81850 92142 576109 0.9
80730 89421 576283 0.9
79690 86739 576457 0.9
78570 83938 576631 0.9
77450 81257 576805 0.9
54782 54787 577364 0.10
53657 53659 577538 0.10
52619 52619 577712 0.10
6463 6463 579110 0.18
6463 6463 579284 0.18
6463 6463 579458 0.18
12941 12941 581689 0.14
12941 12941 581863 0.14
12941 12941 582037 0.14
9759 9759 583392 0.18
9632 9632 583566 0.18
9759 9759 583740 0.18
9503 9503 583817 0.14
9883 9883 583991 0.14
9503 9503 584165 0.14
17325 17325 585804 0.18
16070 16070 585928 0.10
29271 29271 585945 0.14
16066 16066 586037 0.18
16070 16070 586102 0.10
29271 29271 586119 0.14
17646 17646 586211 0.18
16070 16070 586276 0.10
29271 29271 586293 0.14
20842 20842 587783 0.18
24682 24076 588131 0.18
27854 27520 588268 0.14
27506 27163 588442 0.14
23708 23558 588479 0.18
26814 26814 588616 0.14
28925 28925 588753 0.10
30346 29886 588927 0.10
40558 40558 588964 0.14
31054 31093 589001 0.18
29965 29498 589101 0.10
42143 42169 589312 0.14
29934 29963 589349 0.18
41678 41679 589660 0.14
33214 33272 589697 0.18
41213 41188 589834 0.14
42253 42217 590182 0.14
41712 41719 590393 0.18
43373 43324 590530 0.14
48238 48242 590878 0.14
50863 50996 591052 0.14
52558 52564 591226 0.14
53885 54075 591263 0.18
57733 58083 591574 0.14
55992 56138 591611 0.18
61743 63102 591922 0.14
62432 62448 592133 0.18
68170 70035 592444 0.14
72271 72856 592755 0.10
70978 70707 592829 0.18
74398 76014 592966 0.14
76567 78239 593103 0.10
78718 80336 593314 0.14
77712 77735 593351 0.18
80878 82497 593488 0.14
81998 83618 593662 0.14
82205 82594 593699 0.18
85164 86779 593799 0.10
86318 87940 594010 0.14
88558 90181 594184 0.14
87552 87580 594221 0.18
91373 92363 594532 0.14
95693 96634 594880 0.14
96098 95674 594917 0.18
98783 101121 595054 0.14
100418 99968 595265 0.18
103183 105575 595402 0.14
104878 106508 595576 0.14
103872 103907 595613 0.18
107038 108669 595750 0.14
111438 113071 596098 0.14
116223 118775 596446 0.14
116184 117276 596657 0.18
120158 121795 596794 0.14
120733 121391 596968 0.14
120582 122003 597005 0.18
123438 125077 597142 0.14
126373 129202 597316 0.14
123732 124727 597353 0.18
128533 131406 597490 0.14
131038 132160 597838 0.14
135438 136562 598186 0.14
131969 131129 598223 0.18
138306 138034 598534 0.14
137490 136946 598571 0.18
141343 143109 598708 0.14
143038 143605 598882 0.14
144933 147564 599056 0.14
140912 140964 599093 0.18
147358 147407 599404 0.14
145312 145366 599615 0.18
152223 154122 599752 0.14
155746 155891 600274 0.14
150893 151615 600485 0.18
159358 160493 600796 0.14
152912 152970 600833 0.18
165949 167225 600933 0.10
161598 162734 601144 0.14
162638 163215 601318 0.14
170332 171758 601455 0.10
157453 158213 601529 0.18
164333 163430 601666 0.14
173549 174838 601977 0.10
166573 165645 602014 0.14
168543 171208 602188 0.14
155072 155131 602225 0.18
152912 152970 602573 0.18
172133 175881 602710 0.14
170783 173475 602884 0.14
148592 148648 603269 0.18
182204 182784 603369 0.10
167370 169590 603406 0.14
145485 146316 603791 0.18
163426 162954 603928 0.14
182410 184585 604065 0.10
162970 164586 604102 0.14
142032 142085 604313 0.18
160478 161054 604450 0.14
159358 160493 604624 0.14
178190 180257 604761 0.10
137632 137683 605009 0.18
156078 156651 605146 0.14
135298 134636 605357 0.18
153918 154490 605494 0.14
152090 154175 605842 0.14
132365 133105 605879 0.18
170410 171448 605979 0.10
147358 147927 606538 0.14
128045 128754 606575 0.18
165678 166361 606675 0.10
145986 145653 606712 0.14
125805 126499 606923 0.18
143826 143510 607060 0.14
162604 163735 607197 0.10
143813 146993 607234 0.14
141453 141362 607408 0.14
122432 122476 607619 0.18
137598 138723 608104 0.14
136478 138123 608278 0.14
118032 118074 608315 0.18
115872 115913 608663 0.18
152764 153890 608763 0.10
135480 139961 608800 0.14
132623 135942 609148 0.14
149870 152240 609459 0.10
130305 133416 609496 0.14
110573 111061 609533 0.18
127758 130519 609844 0.14
146204 147847 609981 0.10
107152 107189 610055 0.18
125598 128879 610192 0.14
104992 105028 610403 0.18
121198 125037 610888 0.14
139961 143130 611025 0.10
119038 123436 611236 0.14
137203 140011 611373 0.10
98290 97938 611447 0.18
135324 139163 611721 0.10
115579 120687 611758 0.14
96272 96304 611795 0.18
113266 118074 612106 0.14
93133 93520 612317 0.18
130227 135683 612591 0.10
110318 116313 612628 0.14
128067 133507 612939 0.10
107038 113592 613150 0.14
87864 88610 613187 0.18
125827 131816 613287 0.10
104878 111431 613498 0.14
103050 110753 613846 0.14
83412 83993 613883 0.18
121164 127158 613983 0.10
81133 81450 614231 0.18
98899 107506 614542 0.14
116764 123876 614679 0.10
97610 105789 614716 0.14
114604 122236 615027 0.10
112444 120075 615375 0.10
92619 100962 615412 0.14
75432 75232 615449 0.18
91838 100586 615934 0.14
72272 72293 615971 0.18
108044 116233 616071 0.10
90718 99985 616108 0.14
90063 100028 616282 0.14
71152 71172 616319 0.18
105187 114334 616593 0.10
104844 113592 616767 0.10
84946 94820 617152 0.14
100787 110991 617637 0.10
82256 92945 617674 0.14
63672 63856 617711 0.18
98882 108232 617811 0.10
80619 90625 617848 0.14
77930 89244 618370 0.14
96124 106468 618507 0.10
76226 87280 618892 0.14
92844 103187 619029 0.10
75770 87065 619066 0.14
91724 102627 619203 0.10
90604 102066 619551 0.10
72490 82666 619588 0.14
70773 81912 619936 0.14
68878 78696 620110 0.14
86962 96923 620247 0.10
86725 96911 620421 0.10
65678 74414 620632 0.14
84565 95257 620769 0.10
64558 73293 620980 0.14
63438 71612 621154 0.14
81874 91868 621291 0.10
79724 88980 621465 0.10
78684 87420 621813 0.10
59826 65574 621850 0.14
60158 65610 622024 0.14
59118 64009 622198 0.14
75404 83018 622335 0.10
74284 81377 622509 0.10
74902 81767 622683 0.10
53678 55845 623068 0.14
35272 35289 623105 0.18
71004 75374 623379 0.10
34148 34162 623453 0.18
69964 73773 623553 0.10
32992 32995 623627 0.18
68844 72093 623727 0.10
32992 32995 623801 0.18
67724 70452 623901 0.10
33512 33642 623975 0.18
31952 31954 624149 0.18
65220 66731 624249 0.10
48238 48242 624286 0.14
31611 31741 624323 0.18
65474 66815 624423 0.10
29192 29131 624497 0.18
62786 63177 624597 0.10
29192 29235 624671 0.18
63314 63509 624771 0.10
61244 61248 624945 0.10
26512 26512 625019 0.18
40816 40823 625852 0.14
10600 10600 625951 0.18
15360 15360 626299 0.18
9546 9546 626952 0.18
16432 16432 627132 0.14
11306 11306 627583 0.18
9645 9645 628212 0.18
12512 12512 629164 0.18
14575 14575 629482 0.18
34916 34916 629935 0.10
34190 34190 630400 0.10
11768 11768 630564 0.18
32843 32843 630805 0.10
12367 11772 631111 0.18
13952 13952 631459 0.18
12487 12487 632241 0.18
22209 22209 632404 0.10
14953 14953 632415 0.18
10879 10879 632756 0.18
21495 21495 632951 0.10
26906 26379 633299 0.10
17642 17642 633533 0.18
18880 18880 633881 0.18
21307 21307 634055 0.18
25059 25059 634291 0.18
14622 14622 634846 0.18
32171 32171 634944 0.10
11183 11183 635116 0.18
15981 15527 635290 0.18
26439 26439 635373 0.10
24338 24212 635638 0.18
34033 33647 635721 0.10
27240 27228 635986 0.18
26824 26824 636160 0.18
26824 26824 636508 0.18
27552 27552 636682 0.18
27552 27552 636856 0.18
26512 26512 637204 0.18
28672 28673 637378 0.18
36490 36490 637478 0.10
26200 26200 637726 0.18
41202 41202 637826 0.10
28672 28673 638074 0.18
29712 29713 638248 0.18
42787 42574 638348 0.10
28672 28673 638422 0.18
28672 28673 638770 0.18
52180 52180 639044 0.10
28672 28673 639118 0.18
27864 27876 639292 0.18
28449 28432 639466 0.18
53564 53564 639566 0.10
29712 29713 639814 0.18
53907 53914 639914 0.10
30024 30063 640162 0.18
28331 28363 640510 0.18
55027 55042 640610 0.10
28152 28110 640684 0.18
30231 30359 640858 0.18
55724 55725 640958 0.10
26512 26512 641554 0.18
55724 55725 641654 0.10
18242 18242 641792 0.18
55724 55725 642002 0.10
54684 54685 642350 0.10
54684 54685 643046 0.10
55125 55144 643220 0.10
53564 53564 643394 0.10
48745 48650 643980 0.10
50530 50470 644154 0.10
49490 49490 644328 0.10
30861 30861 644851 0.10
26880 26880 645194 0.10
25846 25846 645368 0.10
28266 28266 645840 0.10
21942 21942 646419 0.10
