51003 -51003 4449 0.18
53043 -53043 4536 0.18
51003 -51003 4623 0.18
53043 -53043 4710 0.18
51003 -51003 4797 0.18
53043 -53043 4884 0.18
51003 -51003 4971 0.18
53043 -53043 5058 0.18
51003 -51003 5145 0.18
53043 -53043 5232 0.18
54183 -49863 5406 0.18
56955 -48315 5580 0.18
58503 -45543 5754 0.18
60743 -43303 5928 0.18
62903 -41143 6102 0.18
65063 -38983 6276 0.18
67223 -36823 6450 0.18
69463 -34583 6624 0.18
71623 -32423 6798 0.18
85635 -70435 6848 0.14
73783 -30263 6972 0.18
87795 -68275 7022 0.14
75943 -28103 7146 0.18
89955 -66115 7196 0.14
78183 -25863 7320 0.18
92195 -63875 7370 0.14
80343 -23703 7494 0.18
94355 -61715 7544 0.14
82503 -21543 7668 0.18
96515 -59555 7718 0.14
84663 -19383 7842 0.18
98675 -57395 7892 0.14
86903 -17143 8016 0.18
102445 -56685 8066 0.14
89063 -14983 8190 0.18
104605 -54525 8240 0.14
91223 -12823 8364 0.18
106765 -52365 8414 0.14
93383 -10663 8538 0.18
95623 -8423 8712 0.18
109635 -44275 8762 0.14
97783 -6263 8886 0.18
99943 -4103 9060 0.18
113955 -37795 9110 0.14
102103 -1943 9234 0.18
104343 296 9408 0.18
118355 -31235 9458 0.14
106503 2456 9582 0.18
109683 3596 9756 0.18
122675 -24675 9806 0.14
111843 5756 9930 0.18
114083 7996 10104 0.18
127075 -18115 10154 0.14
115223 11176 10278 0.18
117383 13336 10452 0.18
131395 -11635 10502 0.14
119543 15496 10626 0.18
146527 -53967 10639 0.10
121783 17736 10800 0.18
135795 -5075 10850 0.14
123943 19896 10974 0.18
150847 -47487 10987 0.10
126103 22056 11148 0.18
140115 1484 11198 0.14
128263 24216 11322 0.18
155247 -40927 11335 0.10
130503 26456 11496 0.18
144515 8044 11546 0.14
132663 28616 11670 0.18
159567 -34367 11683 0.10
134823 30776 11844 0.18
148835 14524 11894 0.14
136983 32936 12018 0.18
163967 -27807 12031 0.10
139223 35176 12192 0.18
153235 21084 12242 0.14
141383 37336 12366 0.18
168287 -21327 12379 0.10
143543 39496 12540 0.18
157555 27644 12590 0.14
145703 41656 12714 0.18
172687 -14767 12727 0.10
147943 43896 12888 0.18
161955 34204 12938 0.14
150103 46056 13062 0.18
177007 -8207 13075 0.10
152263 48216 13236 0.18
166275 40684 13286 0.14
154423 50376 13410 0.18
181407 -1647 13423 0.10
156663 52616 13584 0.18
171440 46479 13634 0.14
158823 54776 13758 0.18
185727 4832 13771 0.10
160983 56936 13932 0.18
175760 53039 13982 0.14
163143 59096 14106 0.18
167543 63496 14280 0.18
180160 59599 14330 0.14
171863 67816 14454 0.18
194447 20112 14467 0.10
176263 72216 14628 0.18
183715 66844 14678 0.14
180583 76536 14802 0.18
184983 80936 14976 0.18
188115 73404 15026 0.14
189303 85256 15150 0.18
203779 34700 15163 0.10
194723 88636 15324 0.18
195715 83244 15374 0.14
199043 92956 15498 0.18
203443 97356 15672 0.18
204435 94124 15722 0.14
206743 102696 15846 0.18
212397 50082 15859 0.10
211143 107096 16020 0.18
213155 105004 16070 0.14
215463 111416 16194 0.18
219863 115816 16368 0.18
221875 115884 16418 0.14
224183 120136 16542 0.18
226637 70882 16555 0.10
228583 124536 16716 0.18
230595 126844 16766 0.14
232903 128856 16890 0.18
237303 133256 17064 0.18
239315 137724 17114 0.14
244057 32742 17214 0.6
241623 137576 17238 0.18
243567 95392 17251 0.10
246023 141976 17412 0.18
248035 148604 17462 0.14
250343 146296 17586 0.18
254743 150696 17760 0.18
256755 159484 17810 0.14
260859 57300 17910 0.6
259063 155016 17934 0.18
261007 119312 17947 0.10
263463 159416 18108 0.18
265475 170444 18158 0.14
267783 163736 18282 0.18
272183 168136 18456 0.18
274195 181324 18506 0.14
278299 81300 18606 0.6
276503 172456 18630 0.18
278447 143312 18643 0.10
280903 176856 18804 0.18
282915 192204 18854 0.14
285223 181176 18978 0.18
289623 185576 19152 0.18
292400 202319 19202 0.14
295739 105300 19302 0.6
293943 189896 19326 0.18
295887 167312 19339 0.10
298343 194296 19500 0.18
301120 213279 19550 0.14
302663 198616 19674 0.18
307063 203016 19848 0.18
309840 224159 19898 0.14
313179 129300 19998 0.6
311383 207336 20022 0.18
313327 191312 20035 0.10
315783 211736 20196 0.18
317795 235804 20246 0.14
320103 216056 20370 0.18
324503 220456 20544 0.18
326515 246684 20594 0.14
330619 153220 20694 0.6
328823 224776 20718 0.18
331277 214722 20731 0.10
334243 228156 20892 0.18
335235 257644 20942 0.14
338563 232476 21066 0.18
342963 236876 21240 0.18
343955 268524 21290 0.14
348697 176582 21390 0.6
346263 242216 21414 0.18
348717 238722 21427 0.10
350663 246616 21588 0.18
352675 279404 21638 0.14
354983 250936 21762 0.18
359383 255336 21936 0.18
361395 290284 21986 0.14
366137 200582 22086 0.6
363703 259656 22110 0.18
366157 262722 22123 0.10
368103 264056 22284 0.18
370115 301244 22334 0.14
372423 268376 22458 0.18
376823 272776 22632 0.18
378835 312124 22682 0.14
383577 224582 22782 0.6
380103 276056 22806 0.18
383087 287232 22819 0.10
384423 280376 22980 0.18
387555 323004 23030 0.14
390546 287373 23241 0.18
396275 333884 23378 0.14
400379 249140 23478 0.6
395303 291256 23502 0.18
400527 311152 23515 0.10
397543 293496 23676 0.19
404995 344844 23726 0.14
398923 294196 23763 0.18
401843 295756 23937 0.19
402203 297476 24024 0.18
412595 354604 24074 0.14
417819 273140 24174 0.6
405143 301096 24198 0.19
417967 335152 24211 0.10
407643 302916 24285 0.18
411703 307656 24459 0.19
413523 310156 24546 0.18
422435 366604 24596 0.14
418263 314216 24720 0.19
420763 316036 24807 0.18
435259 297140 24870 0.6
434287 358032 24907 0.10
424743 320696 24981 0.19
426643 323276 25068 0.18
429569 374750 25118 0.14
431303 327256 25242 0.19
433803 329076 25329 0.18
437863 333816 25503 0.19
452699 321140 25566 0.6
439683 336316 25590 0.18
442545 390094 25640 0.14
444423 340376 25764 0.19
446923 342196 25851 0.18
451954 381805 25864 0.10
450903 346856 26025 0.19
452803 349436 26112 0.18
455665 405374 26162 0.14
457463 353416 26286 0.19
471485 345794 26349 0.6
459963 355236 26373 0.18
464023 359976 26547 0.19
466523 361796 26634 0.18
468195 421084 26684 0.14
471603 365516 26808 0.19
473083 368356 26895 0.18
474805 411194 26908 0.10
477063 373016 27069 0.19
479643 374916 27156 0.18
481315 436364 27206 0.14
483623 379576 27330 0.19
487843 368796 27393 0.6
485443 382076 27417 0.18
490183 386136 27591 0.19
492683 387956 27678 0.18
494355 453804 27728 0.14
496743 392696 27852 0.19
498563 395196 27939 0.18
500942 443937 27952 0.10
503223 399176 28113 0.19
505803 401076 28200 0.18
507475 471244 28250 0.14
509783 405736 28374 0.19
513971 401548 28437 0.6
510563 407196 28461 0.18
513063 409016 28635 0.19
514523 409796 28722 0.18
520515 488684 28772 0.14
516343 412296 28896 0.19
517043 413676 28983 0.18
527267 479772 28996 0.10
519623 415576 29157 0.19
521003 416276 29244 0.18
533635 506124 29294 0.14
522903 418856 29418 0.19
540324 435195 29481 0.6
524283 419556 29505 0.18
527123 421036 29679 0.19
527563 422836 29766 0.18
541235 518124 29816 0.14
529383 425336 29940 0.19
530843 426116 30027 0.18
553427 516812 30040 0.10
532663 428616 30201 0.19
533443 430076 30288 0.18
548305 528494 30338 0.14
535943 431896 30462 0.19
566484 472235 30525 0.6
537403 432676 30549 0.18
539223 435176 30723 0.19
540003 436636 30810 0.18
554865 539454 30860 0.14
542503 438456 30984 0.19
543883 439156 31071 0.18
570867 545132 31084 0.10
545783 441736 31245 0.19
546483 443116 31332 0.18
561345 550254 31382 0.14
549063 445016 31506 0.19
590404 507035 31569 0.6
550443 445716 31593 0.18
552263 448216 31767 0.19
553043 449676 31854 0.18
567395 561724 31904 0.14
556563 450476 32028 0.19
557003 452276 32115 0.18
583647 569472 32128 0.10
558823 454776 32289 0.19
560283 455556 32376 0.18
573955 572604 32426 0.14
562103 458056 32550 0.19
603099 531540 32613 0.6
563563 458836 32637 0.18
565383 461336 32811 0.19
566843 462116 32898 0.18
580515 583564 32948 0.14
568663 464616 33072 0.19
569363 465996 33159 0.18
596687 593472 33172 0.10
571943 467896 33333 0.19
573323 468596 33420 0.18
586995 594364 33470 0.14
575223 471176 33594 0.19
616139 555460 33657 0.6
575923 472556 33681 0.18
578423 474376 33855 0.19
579883 475156 33942 0.18
593555 605324 33992 0.14
581703 477656 34116 0.19
583603 480236 34203 0.18
610147 617132 34216 0.10
588263 484216 34377 0.19
590763 486036 34464 0.18
600115 616204 34514 0.14
594823 490776 34638 0.19
629259 579460 34701 0.6
596643 493276 34725 0.18
602403 496316 34899 0.19
603883 499156 34986 0.18
606675 627164 35036 0.14
607863 503816 35160 0.19
610443 505716 35247 0.18
623187 641052 35260 0.10
614423 510376 35421 0.19
616923 512196 35508 0.18
618675 643484 35558 0.14
620983 516936 35682 0.19
642724 602955 35745 0.6
623483 518756 35769 0.18
627543 523496 35943 0.19
629363 525996 36030 0.18
632225 660414 36080 0.14
634023 529976 36204 0.19
636603 531876 36291 0.18
638467 667212 36304 0.10
640583 536536 36465 0.19
642403 539036 36552 0.18
645345 677854 36602 0.14
647143 543096 36726 0.19
655844 627035 36789 0.6
649643 544916 36813 0.18
653703 549656 36987 0.19
655523 552156 37074 0.18
658385 695294 37124 0.14
660183 556136 37248 0.19
662763 558036 37335 0.18
664287 704672 37348 0.10
666743 562696 37509 0.19
669243 564516 37596 0.18
670995 713244 37646 0.14
674323 568236 37770 0.19
677604 659675 37833 0.6
675803 571076 37857 0.18
679863 575816 38031 0.19
682363 577636 38118 0.18
684035 730684 38168 0.14
686343 582296 38292 0.19
688243 584876 38379 0.18
690447 741712 38392 0.10
692903 588856 38553 0.19
695403 590676 38640 0.18
697155 748124 38690 0.14
699463 595416 38814 0.19
703339 697140 38877 0.6
701283 597916 38901 0.18
706023 601976 39075 0.19
708523 603796 39162 0.18
710195 765564 39212 0.14
712503 608456 39336 0.19
714403 611036 39423 0.18
716607 778752 39436 0.10
719063 615016 39597 0.19
721563 616836 39684 0.18
723315 783004 39734 0.14
725623 621576 39858 0.19
729499 734180 39921 0.6
727443 624076 39945 0.18
732183 628136 40119 0.19
734683 629956 40206 0.18
736355 800444 40256 0.14
738663 634616 40380 0.19
741243 636516 40467 0.18
743107 815452 40480 0.10
746243 640156 40641 0.19
747723 642996 40728 0.18
749475 817884 40778 0.14
751783 647736 40902 0.19
756084 770875 40965 0.6
754283 649556 40989 0.18
758343 654296 41163 0.19
760163 656796 41250 0.18
762515 835324 41300 0.14
764823 660776 41424 0.19
767403 662676 41511 0.18
769267 852572 41524 0.10
769223 665176 41685 0.19
769923 666556 41772 0.18
776145 852254 41822 0.14
772503 668456 41946 0.19
782244 807915 42009 0.6
773883 669156 42033 0.18
775783 671736 42207 0.19
776483 673116 42294 0.18
789185 869694 42344 0.14
778983 674936 42468 0.19
780443 675716 42555 0.18
795427 889612 42568 0.10
782263 678216 42729 0.19
783043 679676 42816 0.18
797905 882734 42866 0.14
785543 681496 42990 0.19
808404 844955 43053 0.6
787003 682276 43077 0.18
788823 684776 43251 0.19
790283 685556 43338 0.18
803955 894204 43388 0.14
793123 687036 43512 0.19
793563 688836 43599 0.18
820127 925872 43612 0.10
795383 691336 43773 0.19
796763 692036 43860 0.18
810515 905084 43910 0.14
798663 694616 44034 0.19
834139 882420 44097 0.6
799363 695996 44121 0.18
801943 697896 44295 0.19
803323 698596 44382 0.18
816995 915964 44432 0.14
805143 701096 44556 0.19
805923 702556 44643 0.18
833247 949872 44656 0.10
808423 704376 44817 0.19
809883 705156 44904 0.18
823555 926844 44954 0.14
811703 707656 45078 0.19
852699 911940 45141 0.6
812483 709116 45165 0.18
814983 710936 45339 0.19
816443 711716 45426 0.18
830115 937804 45476 0.14
818263 714216 45600 0.19
819043 715676 45687 0.18
846627 973532 45700 0.10
821543 717496 45861 0.19
822923 718196 45948 0.18
836675 948684 45998 0.14
824823 720776 46122 0.19
866164 935435 46185 0.6
826203 721476 46209 0.18
829123 723036 46383 0.19
829483 724756 46470 0.18
843155 959564 46520 0.14
831303 727256 46644 0.19
832763 728036 46731 0.18
859747 997532 46744 0.10
834583 730536 46905 0.19
835363 731996 46992 0.18
850225 969934 47042 0.14
837863 733816 47166 0.19
879284 959435 47229 0.6
839323 734596 47253 0.18
841143 737096 47427 0.19
841923 738556 47514 0.18
856785 980894 47564 0.14
844423 740376 47688 0.19
845883 741156 47775 0.18
872787 1021452 47788 0.10
847703 743656 47949 0.19
848403 745036 48036 0.18
863345 991774 48086 0.14
850983 746936 48210 0.19
892324 983355 48273 0.6
852363 747636 48297 0.18
854263 750216 48471 0.19
854963 751596 48558 0.18
869315 1003164 48608 0.14
858483 752396 48732 0.19
858923 754196 48819 0.18
885567 1045792 48832 0.10
860743 756696 48993 0.19
862203 757476 49080 0.18
875875 1014044 49130 0.14
864023 759976 49254 0.19
905019 1007860 49317 0.6
865483 760756 49341 0.18
867303 763256 49515 0.19
868763 764036 49602 0.18
882435 1025004 49652 0.14
870583 766536 49776 0.19
871363 767996 49863 0.18
898607 1069792 49876 0.10
873863 769816 50037 0.19
875243 770516 50124 0.18
888995 1035884 50174 0.14
877143 773096 50298 0.19
918059 1031780 50361 0.6
877843 774476 50385 0.18
880423 776376 50559 0.19
895475 1046764 50696 0.14
881971 779148 50733 0.19
884743 780696 50907 0.19
912067 1093452 50920 0.10
886903 782856 51081 0.19
902035 1057644 51218 0.14
889143 785096 51255 0.19
931179 1055780 51405 0.6
891303 787256 51429 0.19
893874 786765 51603 0.19
907745 1067214 51653 0.14
894994 787885 51777 0.19
893463 789416 51951 0.19
925107 1117372 51964 0.10
912181 1075898 52001 0.14
894583 790536 52125 0.19
916548 1084571 52349 0.14
895011 792188 52386 0.19
944644 1079275 52449 0.6
895623 791576 52647 0.19
918355 1091404 52697 0.14
895623 791576 52821 0.20
936007 1139112 52834 0.10
895623 791576 52908 0.19
920595 1098044 53045 0.14
895623 791576 53082 0.20
895623 791576 53169 0.19
895623 791576 53343 0.20
895623 791576 53430 0.19
957764 1103355 53493 0.6
944367 1159152 53530 0.10
895623 791576 53604 0.20
895623 791576 53691 0.19
921635 1105644 53741 0.14
895623 791576 53865 0.20
895623 791576 53952 0.19
895623 791576 54126 0.20
966537 1122902 54189 0.6
895623 791576 54213 0.19
946607 1172272 54226 0.10
895623 791576 54387 0.20
896643 790556 54474 0.19
921854 1111905 54524 0.14
896643 790556 54648 0.20
895623 791576 54735 0.19
971499 1139700 54885 0.6
895623 791576 54909 0.20
895623 791576 54996 0.19
921635 1116524 55046 0.15
895623 791576 55170 0.20
895623 791576 55257 0.19
921988 1118331 55307 0.14
896743 792696 55431 0.20
896743 792696 55518 0.19
896743 792696 55692 0.20
897863 793816 55779 0.19
947647 1188592 55792 0.10
922145 1122574 55829 0.15
898903 794856 55953 0.20
973923 1154636 56016 0.6
898903 794856 56040 0.19
921805 1125074 56090 0.14
898903 794856 56214 0.20
898903 794856 56301 0.19
898903 794856 56475 0.20
898903 794856 56562 0.19
922755 1131804 56612 0.15
898903 794856 56736 0.20
898903 794856 56823 0.19
924045 1136034 56873 0.14
898903 794856 56997 0.20
898903 794856 57084 0.19
898903 794856 57258 0.20
899923 793836 57345 0.19
947926 1203513 57358 0.10
924915 1143804 57395 0.15
899923 793836 57519 0.20
973855 1169984 57582 0.6
898903 794856 57606 0.19
924745 1147174 57656 0.14
898903 794856 57780 0.20
898903 794856 57867 0.19
898903 794856 58041 0.20
898903 794856 58128 0.19
925425 1153054 58178 0.15
898903 794856 58302 0.20
898903 794856 58389 0.19
925085 1156674 58439 0.14
898903 794856 58563 0.20
898903 794856 58650 0.19
898903 794856 58824 0.20
898903 794856 58911 0.19
951154 1228685 58924 0.10
924915 1163404 58961 0.15
898903 794856 59085 0.20
977095 1191864 59148 0.6
900023 795976 59172 0.19
925085 1165394 59222 0.14
900023 795976 59346 0.20
900023 795976 59433 0.19
901063 797016 59607 0.20
902183 798136 59694 0.19
924915 1169964 59744 0.15
903203 797116 59868 0.20
902183 798136 59955 0.19
925085 1171954 60005 0.14
902183 798136 60129 0.20
903203 797116 60216 0.19
902183 798136 60390 0.20
902183 798136 60477 0.19
951154 1248285 60490 0.10
926035 1177564 60527 0.15
903303 799256 60651 0.20
977223 1213496 60714 0.6
903303 799256 60738 0.19
928365 1181794 60788 0.14
904343 800296 60912 0.20
904343 800296 60999 0.19
905463 801416 61173 0.20
905463 801416 61260 0.19
928195 1186284 61310 0.15
906583 802536 61434 0.20
906583 802536 61521 0.19
929485 1189394 61571 0.14
906583 802536 61695 0.20
906583 802536 61782 0.19
907623 803576 61956 0.20
907623 803576 62043 0.19
954434 1266845 62056 0.10
930865 1194494 62093 0.15
908743 804696 62217 0.20
978343 1230936 62280 0.6
908743 804696 62304 0.19
931645 1198114 62354 0.14
908743 804696 62478 0.20
909783 805736 62565 0.19
910803 804716 62739 0.20
910903 806856 62826 0.19
933635 1204844 62876 0.15
912023 807976 63000 0.20
913043 806956 63087 0.19
934925 1207954 63137 0.14
913063 809016 63261 0.20
914183 810136 63348 0.19
915303 811256 63522 0.20
915303 811256 63609 0.19
958834 1286445 63622 0.10
935795 1213484 63659 0.15
915303 811256 63783 0.20
982663 1250616 63846 0.6
915303 811256 63870 0.19
938205 1217794 63920 0.14
916343 812296 64044 0.20
916343 812296 64131 0.19
917463 813416 64305 0.20
917463 813416 64392 0.19
940705 1223934 64442 0.15
918503 814456 64566 0.20
918503 814456 64653 0.19
941485 1227554 64703 0.14
919623 815576 64827 0.20
919623 815576 64914 0.19
919623 815576 65088 0.20
964274 1308285 65188 0.10
943475 1234284 65225 0.15
920131 817308 65262 0.20
986779 1270500 65412 0.6
922274 815165 65436 0.20
943645 1236274 65486 0.14
923314 816205 65610 0.20
921783 817736 65784 0.20
922903 818856 65958 0.20
945635 1243004 66008 0.15
922903 818856 66132 0.20
945635 1245164 66182 0.14
924023 819976 66306 0.20
924023 819976 66480 0.20
948101 1251338 66530 0.15
925063 821016 66654 0.20
947995 1253684 66704 0.14
970527 1331312 66754 0.10
925063 821016 66828 0.20
994663 1294216 66978 0.6
926183 822136 67002 0.20
948915 1259324 67052 0.15
926183 822136 67176 0.20
950035 1262604 67226 0.14
926183 822136 67350 0.20
926183 822136 67524 0.20
950035 1267004 67574 0.15
926183 822136 67698 0.20
951075 1270204 67748 0.14
926183 822136 67872 0.20
973932 1350867 67885 0.10
926183 822136 68046 0.20
952195 1275724 68096 0.15
926183 822136 68220 0.20
952195 1277884 68270 0.14
999074 1314925 68370 0.6
926183 822136 68394 0.20
926183 822136 68568 0.20
952195 1282204 68618 0.15
926183 822136 68742 0.20
952195 1284444 68792 0.14
926183 822136 68916 0.20
978350 1371569 68929 0.10
926183 822136 69090 0.20
952195 1288764 69140 0.15
926183 822136 69264 0.20
952705 1290414 69314 0.14
1002392 1334567 69414 0.6
926183 822136 69438 0.20
926183 822136 69612 0.20
952960 1294559 69662 0.15
926183 822136 69786 0.20
952705 1296974 69836 0.14
926183 822136 69960 0.20
978373 1387946 69973 0.10
926183 822136 70134 0.20
952960 1301119 70184 0.15
926183 822136 70308 0.20
952705 1303534 70358 0.14
1004219 1353300 70458 0.6
926183 822136 70482 0.20
926183 822136 70656 0.20
952195 1308364 70706 0.15
926183 822136 70830 0.20
952195 1310604 70880 0.14
927714 820605 71004 0.20
978547 1404092 71017 0.10
927714 820605 71178 0.20
952195 1314924 71228 0.15
926183 822136 71352 0.20
952195 1317084 71402 0.14
1004644 1369275 71502 0.6
926183 822136 71526 0.20
926183 822136 71700 0.20
952195 1321484 71750 0.15
926183 822136 71874 0.20
952195 1323644 71924 0.14
926183 822136 72048 0.20
978547 1420412 72061 0.10
926183 822136 72222 0.20
952195 1328044 72272 0.15
926183 822136 72396 0.20
952195 1330204 72446 0.14
1004644 1385595 72546 0.6
926183 822136 72570 0.20
926183 822136 72744 0.20
952195 1334524 72794 0.15
926183 822136 72918 0.20
952195 1336764 72968 0.14
926183 822136 73092 0.20
978547 1436732 73105 0.10
926183 822136 73266 0.20
952195 1341084 73316 0.15
926183 822136 73440 0.20
952195 1343244 73490 0.14
1004644 1401995 73590 0.6
926183 822136 73614 0.20
926183 822136 73788 0.20
952195 1347644 73838 0.15
926183 822136 73962 0.20
952195 1349804 74012 0.14
926183 822136 74136 0.20
978207 1453472 74149 0.10
926183 822136 74310 0.20
952195 1354204 74360 0.15
926183 822136 74484 0.20
952195 1355244 74534 0.14
1004219 1418740 74634 0.6
926183 822136 74658 0.20
926183 822136 74832 0.20
952960 1356639 74882 0.15
926183 822136 75006 0.20
952705 1358014 75056 0.14
926183 822136 75180 0.20
978207 1469792 75193 0.10
926183 822136 75354 0.20
952960 1359919 75404 0.15
926183 822136 75528 0.20
952705 1361294 75578 0.14
1004219 1435140 75678 0.6
926183 822136 75702 0.20
926183 822136 75876 0.20
952195 1363964 75926 0.15
926183 822136 76050 0.20
952705 1364574 76100 0.14
926183 822136 76224 0.20
978547 1480412 76237 0.10
926183 822136 76398 0.20
952195 1367244 76448 0.15
952195 1368364 76622 0.14
926795 821524 76659 0.20
1004219 1449300 76722 0.6
927203 821116 76920 0.20
952195 1370524 76970 0.15
926183 822136 77094 0.21
952195 1371644 77144 0.14
926183 822136 77181 0.20
978547 1490172 77281 0.10
926183 822136 77355 0.21
926183 822136 77442 0.20
952195 1373804 77492 0.15
926183 822136 77616 0.21
926183 822136 77703 0.20
952437 1374602 77753 0.14
1004644 1458715 77766 0.6
926183 822136 77877 0.21
926183 822136 77964 0.20
926183 822136 78138 0.21
926183 822136 78225 0.20
952501 1376778 78275 0.15
978547 1500012 78325 0.10
926183 822136 78399 0.21
926183 822136 78486 0.20
952195 1378124 78536 0.14
926183 822136 78660 0.21
926183 822136 78747 0.20
1004644 1468395 78810 0.6
926183 822136 78921 0.21
926183 822136 79008 0.20
952195 1380364 79058 0.15
926183 822136 79182 0.21
926183 822136 79269 0.20
952379 1381220 79319 0.14
927203 821116 79443 0.21
926183 822136 79530 0.20
926183 822136 79704 0.21
927203 821116 79791 0.20
978357 1510042 79804 0.10
952195 1383564 79841 0.15
926183 822136 79965 0.21
1004622 1478257 80028 0.6
926183 822136 80052 0.20
952025 1384854 80102 0.14
926183 822136 80226 0.21
926183 822136 80313 0.20
926183 822136 80487 0.21
926183 822136 80574 0.20
952705 1386334 80624 0.15
926183 822136 80748 0.21
926183 822136 80835 0.20
952365 1388914 80885 0.14
926183 822136 81009 0.21
926183 822136 81096 0.20
926183 822136 81270 0.21
926183 822136 81357 0.20
978338 1519821 81370 0.10
952195 1393404 81407 0.15
926183 822136 81531 0.21
1004219 1488500 81594 0.6
926183 822136 81618 0.20
952365 1395394 81668 0.14
926183 822136 81792 0.21
926183 822136 81879 0.20
926183 822136 82053 0.21
927203 821116 82140 0.20
952195 1399964 82190 0.15
927203 821116 82314 0.21
926183 822136 82401 0.20
952365 1401954 82451 0.14
926183 822136 82575 0.21
926183 822136 82662 0.20
926183 822136 82836 0.21
926183 822136 82923 0.20
978323 1535116 82936 0.10
952195 1406524 82973 0.15
926183 822136 83097 0.21
1004525 1500194 83160 0.6
926183 822136 83184 0.20
952365 1408514 83234 0.14
926183 822136 83358 0.21
926183 822136 83445 0.20
926183 822136 83619 0.21
926183 822136 83706 0.20
952195 1413004 83756 0.15
926183 822136 83880 0.21
926183 822136 83967 0.20
952365 1415074 84017 0.14
926183 822136 84141 0.21
926183 822136 84228 0.20
926183 822136 84402 0.21
926183 822136 84489 0.20
978434 1551325 84502 0.10
952705 1419054 84539 0.15
926183 822136 84663 0.21
1004503 1516536 84726 0.6
926183 822136 84750 0.20
952365 1421554 84800 0.14
926183 822136 84924 0.21
927203 821116 85011 0.20
927203 821116 85185 0.21
926183 822136 85272 0.20
952195 1426124 85322 0.15
926183 822136 85446 0.21
926183 822136 85533 0.20
952365 1428114 85583 0.14
926183 822136 85707 0.21
926183 822136 85794 0.20
926183 822136 85968 0.21
926183 822136 86055 0.20
978434 1567725 86068 0.10
952195 1432684 86105 0.15
926183 822136 86229 0.21
1004503 1532936 86292 0.6
926183 822136 86316 0.20
952365 1434674 86366 0.14
926183 822136 86490 0.21
926183 822136 86577 0.20
926183 822136 86751 0.21
926183 822136 86838 0.20
952705 1438654 86888 0.15
926183 822136 87012 0.21
926183 822136 87099 0.20
952365 1441234 87149 0.14
926183 822136 87273 0.21
926183 822136 87360 0.20
926183 822136 87534 0.21
926183 822136 87621 0.20
978434 1584045 87634 0.10
952195 1445724 87671 0.15
926183 822136 87795 0.21
1004219 1549540 87858 0.6
927203 821116 87882 0.20
952365 1447714 87932 0.14
927203 821116 88056 0.21
926183 822136 88143 0.20
926183 822136 88317 0.21
926183 822136 88404 0.20
952195 1452284 88454 0.15
926183 822136 88578 0.21
926183 822136 88665 0.20
952365 1454274 88715 0.14
926183 822136 88839 0.21
926183 822136 88926 0.20
926183 822136 89100 0.21
926183 822136 89187 0.20
978207 1600672 89200 0.10
952705 1458334 89237 0.15
926183 822136 89361 0.21
1004503 1565656 89424 0.6
926183 822136 89448 0.20
952365 1460834 89498 0.14
926183 822136 89622 0.21
926183 822136 89709 0.20
926183 822136 89883 0.21
926183 822136 89970 0.20
952195 1465324 90020 0.15
926183 822136 90144 0.21
926183 822136 90231 0.20
952365 1467394 90281 0.14
926183 822136 90405 0.21
926183 822136 90492 0.20
926183 822136 90666 0.21
927203 821116 90753 0.20
978434 1616765 90766 0.10
952195 1471884 90803 0.15
927203 821116 90927 0.21
1004503 1581896 90990 0.6
926183 822136 91014 0.20
952025 1474214 91064 0.14
926183 822136 91188 0.21
926183 822136 91275 0.20
926183 822136 91449 0.21
926183 822136 91536 0.20
952705 1477934 91586 0.15
926183 822136 91710 0.21
926183 822136 91797 0.20
952365 1480434 91847 0.14
926183 822136 91971 0.21
926183 822136 92058 0.20
926183 822136 92232 0.21
926183 822136 92319 0.20
978434 1633165 92332 0.10
952195 1485004 92369 0.15
926183 822136 92493 0.21
1004503 1598296 92556 0.6
926183 822136 92580 0.20
952365 1486994 92630 0.14
926183 822136 92754 0.21
926183 822136 92841 0.20
926183 822136 93015 0.21
926183 822136 93102 0.20
952195 1491484 93152 0.15
927203 821116 93276 0.21
926183 822136 93363 0.20
952365 1493554 93413 0.14
926183 822136 93537 0.21
927203 821116 93624 0.20
926183 822136 93798 0.21
926183 822136 93885 0.20
978434 1649405 93898 0.10
952195 1498044 93935 0.15
926183 822136 94059 0.21
1004503 1614616 94122 0.6
926183 822136 94146 0.20
952365 1500034 94196 0.14
926183 822136 94320 0.21
926183 822136 94407 0.20
926183 822136 94581 0.21
926183 822136 94668 0.20
952195 1504604 94718 0.15
926183 822136 94842 0.21
926183 822136 94929 0.20
952365 1506594 94979 0.14
926183 822136 95103 0.21
926183 822136 95190 0.20
926183 822136 95364 0.21
926183 822136 95451 0.20
978434 1665805 95464 0.10
952705 1510654 95501 0.15
926183 822136 95625 0.21
1004503 1631016 95688 0.6
926183 822136 95712 0.20
952365 1513154 95762 0.14
926183 822136 95886 0.21
926183 822136 95973 0.20
927203 821116 96147 0.21
926183 822136 96234 0.20
952195 1517644 96284 0.15
926183 822136 96408 0.21
927203 821116 96495 0.20
952365 1519714 96545 0.14
926183 822136 96669 0.21
926183 822136 96756 0.20
926183 822136 96930 0.21
926183 822136 97017 0.20
978434 1682125 97030 0.10
952195 1524204 97067 0.15
926183 822136 97191 0.21
1004503 1647336 97254 0.6
926183 822136 97278 0.20
952365 1526194 97328 0.14
926183 822136 97452 0.21
926183 822136 97539 0.20
926183 822136 97713 0.21
926183 822136 97800 0.20
952705 1530254 97850 0.15
926183 822136 97974 0.21
926183 822136 98061 0.20
952365 1532754 98111 0.14
926183 822136 98235 0.21
926183 822136 98322 0.20
926183 822136 98496 0.21
926183 822136 98583 0.20
978434 1698525 98596 0.10
952195 1537324 98633 0.15
926183 822136 98757 0.21
1004219 1664020 98820 0.6
952365 1539314 98894 0.14
926795 821524 98931 0.21
926183 822136 99105 0.21
926183 822136 99279 0.21
952195 1543804 99416 0.15
926183 822136 99453 0.21
926183 822136 99627 0.21
952025 1546214 99677 0.14
926183 822136 99801 0.21
926183 822136 99975 0.21
952769 1549790 100025 0.15
926183 822136 100149 0.21
978207 1715072 100162 0.10
952578 1552141 100199 0.14
926183 822136 100323 0.21
1004503 1680056 100386 0.6
926183 822136 100497 0.21
952548 1556571 100547 0.15
926183 822136 100671 0.21
952414 1558865 100721 0.14
926183 822136 100845 0.21
926183 822136 101019 0.21
952195 1563484 101069 0.15
926183 822136 101193 0.21
952705 1565134 101243 0.14
926183 822136 101367 0.21
978452 1731227 101380 0.10
926183 822136 101541 0.21
952195 1569964 101591 0.15
927714 820605 101715 0.21
952195 1572204 101765 0.14
1004652 1696307 101865 0.6
927714 820605 101889 0.21
926183 822136 102063 0.21
952195 1574364 102113 0.15
926183 822136 102237 0.21
952195 1575404 102287 0.14
926183 822136 102411 0.21
978486 1747513 102424 0.10
926183 822136 102585 0.21
952195 1577644 102635 0.15
926183 822136 102759 0.21
952195 1578684 102809 0.14
1004708 1712491 102909 0.6
926183 822136 102933 0.21
926183 822136 103107 0.21
952195 1580924 103157 0.15
926183 822136 103281 0.21
952195 1581964 103331 0.14
926183 822136 103455 0.21
978529 1759470 103468 0.10
926183 822136 103629 0.21
952195 1584124 103679 0.15
926183 822136 103803 0.21
952195 1585244 103853 0.14
1004406 1728073 103953 0.6
926183 822136 103977 0.21
926183 822136 104151 0.21
952195 1587404 104201 0.15
926183 822136 104325 0.21
952195 1588524 104375 0.14
926183 822136 104499 0.21
978207 1769552 104512 0.10
926183 822136 104673 0.21
952195 1590684 104723 0.15
926183 822136 104847 0.21
952195 1591804 104897 0.14
1004219 1738100 104997 0.6
926183 822136 105021 0.21
926183 822136 105195 0.21
952195 1593964 105245 0.15
926183 822136 105369 0.21
952705 1594574 105419 0.14
926183 822136 105543 0.21
978207 1779392 105556 0.10
926183 822136 105717 0.21
952960 1596479 105767 0.15
926183 822136 105891 0.21
952705 1597854 105941 0.14
1004219 1747940 106041 0.6
926183 822136 106065 0.21
926183 822136 106239 0.21
952960 1599759 106289 0.15
926183 822136 106413 0.21
952705 1601054 106463 0.14
926183 822136 106587 0.21
978547 1788812 106600 0.10
926183 822136 106761 0.21
952195 1603804 106811 0.15
926183 822136 106935 0.21
952195 1604844 106985 0.14
1004219 1757700 107085 0.6
926183 822136 107109 0.21
927714 820605 107283 0.21
952195 1607084 107333 0.15
927714 820605 107457 0.21
952195 1608124 107507 0.14
926183 822136 107631 0.21
978547 1798652 107644 0.10
926183 822136 107805 0.21
952195 1610284 107855 0.15
926183 822136 107979 0.21
952195 1611404 108029 0.14
1004644 1767115 108129 0.6
926183 822136 108153 0.21
926183 822136 108327 0.21
952195 1613564 108377 0.15
926183 822136 108501 0.21
952195 1614684 108551 0.14
926183 822136 108675 0.21
978547 1808492 108688 0.10
926183 822136 108849 0.21
952195 1616844 108899 0.15
926183 822136 109023 0.21
952195 1617964 109073 0.14
1004644 1776955 109173 0.6
926183 822136 109197 0.21
926183 822136 109371 0.21
952195 1620124 109421 0.15
926183 822136 109545 0.21
952195 1621244 109595 0.14
926183 822136 109719 0.21
978207 1818672 109732 0.10
926183 822136 109893 0.21
952195 1623404 109943 0.15
926183 822136 110067 0.21
952195 1624524 110117 0.14
1004644 1786795 110217 0.6
926183 822136 110241 0.21
926183 822136 110415 0.21
952195 1626684 110465 0.15
926183 822136 110589 0.21
952195 1627724 110639 0.14
926183 822136 110763 0.21
978207 1828432 110776 0.10
926183 822136 110937 0.21
952960 1629199 110987 0.15
926183 822136 111111 0.21
952705 1630494 111161 0.14
1004219 1796900 111261 0.6
926183 822136 111285 0.21
926183 822136 111459 0.21
952960 1632479 111509 0.15
926183 822136 111633 0.21
952705 1633774 111683 0.14
926183 822136 111807 0.21
978207 1838272 111820 0.10
926183 822136 111981 0.21
952195 1636444 112031 0.15
926183 822136 112155 0.21
952705 1637054 112205 0.14
1004219 1806740 112305 0.6
926183 822136 112329 0.21
926183 822136 112503 0.21
952195 1639724 112553 0.15
926183 822136 112677 0.21
952195 1640844 112727 0.14
927714 820605 112851 0.21
978547 1847692 112864 0.10
927714 820605 113025 0.21
952195 1643004 113075 0.15
926183 822136 113199 0.21
952195 1644124 113249 0.14
1004644 1816155 113349 0.6
926183 822136 113373 0.21
926183 822136 113547 0.21
952195 1646284 113597 0.15
926183 822136 113721 0.21
952195 1647404 113771 0.14
926183 822136 113895 0.21
978547 1857532 113908 0.10
926183 822136 114069 0.21
952195 1649564 114119 0.15
926183 822136 114243 0.21
952195 1650684 114293 0.14
1004644 1825995 114393 0.6
926183 822136 114417 0.21
926183 822136 114591 0.21
952195 1652844 114641 0.15
926183 822136 114765 0.21
952195 1653884 114815 0.14
926183 822136 114939 0.21
978547 1867292 114952 0.10
926183 822136 115113 0.21
952195 1656124 115163 0.15
926183 822136 115287 0.21
952195 1657164 115337 0.14
1004644 1835755 115437 0.6
926183 822136 115461 0.21
926183 822136 115635 0.21
952195 1659404 115685 0.15
926183 822136 115809 0.21
952195 1660444 115859 0.14
926183 822136 115983 0.21
978207 1877472 115996 0.10
926183 822136 116157 0.21
952195 1662604 116207 0.15
926183 822136 116331 0.21
952195 1663724 116381 0.14
1004219 1846020 116481 0.6
926183 822136 116505 0.21
926183 822136 116679 0.21
952960 1665119 116729 0.15
926183 822136 116853 0.21
952705 1666494 116903 0.14
926183 822136 117027 0.21
978207 1887312 117040 0.10
926183 822136 117201 0.21
952960 1668399 117251 0.15
926183 822136 117375 0.21
952705 1669774 117425 0.14
1004219 1855860 117525 0.6
926183 822136 117549 0.21
926183 822136 117723 0.21
952195 1672444 117773 0.15
926183 822136 117897 0.21
952705 1673054 117947 0.14
926183 822136 118071 0.21
978547 1896812 118084 0.10
926183 822136 118245 0.21
952195 1675724 118295 0.15
927714 820605 118419 0.21
952195 1676844 118469 0.14
1004644 1865275 118569 0.6
927714 820605 118593 0.21
952195 1679004 118817 0.15
926280 822039 118854 0.18
952195 1680044 118991 0.14
978547 1906572 119128 0.10
926276 822043 119202 0.18
952195 1682284 119339 0.15
952195 1683324 119513 0.14
926280 822039 119550 0.18
1004644 1874955 119613 0.6
952613 1685146 119774 0.15
952465 1686334 119948 0.14
952705 1688254 120122 0.15
978547 1916412 120172 0.10
952501 1689578 120296 0.14
952195 1692044 120470 0.15
952548 1692811 120644 0.14
1004644 1884795 120657 0.6
952195 1695324 120818 0.15
951778 1696861 120905 0.14
978207 1926512 121042 0.10
951540 1698139 121079 0.15
952195 1697484 121166 0.14
952195 1697484 121340 0.15
951685 1697994 121427 0.14
952195 1697484 121601 0.15
952705 1696974 121688 0.14
1004219 1895060 121701 0.6
978207 1936352 121738 0.10
952195 1697484 121862 0.15
951685 1697994 121949 0.14
953725 1695954 122123 0.15
952705 1696974 122210 0.14
978207 1942832 122260 0.10
952195 1697484 122384 0.15
1004219 1904900 122397 0.6
952705 1696974 122471 0.14
951540 1698139 122732 0.15
978207 1946112 122782 0.10
953113 1696566 122819 0.14
926316 822003 122856 0.18
1004503 1914376 123006 0.6
952195 1697484 123080 0.15
952613 1697066 123167 0.14
926249 822070 123291 0.18
978887 1948712 123304 0.10
952195 1697484 123341 0.16
952195 1697484 123428 0.15
927291 823108 123465 0.18
952195 1697484 123515 0.14
1004584 1917575 123528 0.6
952195 1697484 123689 0.16
952195 1697484 123776 0.15
978529 1952350 123913 0.10
951842 1697837 123950 0.14
1004622 1920817 124050 0.6
951685 1697994 124124 0.16
952705 1696974 124211 0.15
952195 1697484 124385 0.14
1004219 1924500 124572 0.6
952818 1698941 124646 0.16
953653 1698106 124733 0.15
952929 1698830 124820 0.14
954153 1697606 124994 0.16
978678 1956521 125044 0.10
953235 1698524 125081 0.15
953891 1697868 125168 0.14
1004219 1927700 125268 0.6
954383 1697376 125342 0.16
953235 1698524 125429 0.15
953588 1698171 125516 0.14
953235 1698524 125690 0.16
953235 1698524 125777 0.15
954000 1697759 125864 0.14
979247 1961312 125914 0.10
953235 1698524 126038 0.16
953235 1698524 126125 0.15
953235 1698524 126212 0.14
953235 1698524 126386 0.16
953235 1698524 126473 0.15
1005523 1933996 126573 0.6
952580 1699179 126647 0.16
953891 1697868 126734 0.15
927356 823043 126858 0.18
953235 1698524 126908 0.16
979422 1966577 126958 0.10
953235 1698524 126995 0.15
953235 1698524 127169 0.16
953235 1698524 127256 0.15
1005506 1937213 127269 0.6
927427 822972 127380 0.18
953235 1698524 127430 0.16
953235 1698524 127517 0.15
927411 822988 127554 0.18
979458 1969821 127567 0.10
954765 1696994 127691 0.16
953235 1698524 127778 0.15
953891 1697868 128039 0.16
980557 1973122 128096 0.11
953891 1697868 128126 0.15
952580 1699179 128300 0.16
1005478 1941641 128313 0.6
979247 1976592 128350 0.10
927319 823080 128424 0.19
953235 1698524 128474 0.15
953235 1698524 128735 0.16
927323 823076 128772 0.19
953235 1698524 128822 0.15
1005259 1945140 128835 0.6
979513 1981766 128959 0.10
953235 1698524 128996 0.16
953891 1697868 129083 0.15
953235 1698524 129257 0.16
927223 823176 129294 0.19
953235 1698524 129344 0.15
953891 1697868 129605 0.16
1005543 1953576 129618 0.6
927223 823176 129642 0.19
980424 1986295 129662 0.11
952580 1699179 129692 0.15
979474 1990525 129916 0.10
953235 1698524 129953 0.16
953235 1698524 130040 0.15
927223 823176 130164 0.19
952580 1699179 130214 0.16
1005955 1958604 130227 0.6
953235 1698524 130388 0.15
927223 823176 130512 0.19
979492 1995947 130525 0.10
953891 1697868 130562 0.16
954383 1697376 130736 0.15
954383 1697376 130910 0.16
927563 822836 130947 0.19
953891 1697868 130997 0.15
980424 2000455 131141 0.11
1005543 1966616 131184 0.6
953235 1698524 131258 0.16
927563 822836 131295 0.19
952580 1699179 131345 0.15
979458 2003661 131482 0.10
927223 823176 131556 0.18
953235 1698524 131606 0.16
953235 1698524 131693 0.15
952580 1699179 131867 0.16
1005259 1972340 131880 0.6
926945 823454 131904 0.19
953235 1698524 132041 0.15
927223 823176 132078 0.18
979492 2009067 132091 0.10
952580 1699179 132215 0.16
927223 823176 132339 0.19
953235 1698524 132389 0.15
953745 1698014 132650 0.16
953235 1698524 132737 0.15
980591 2013408 132794 0.11
1005259 1981060 132837 0.6
927502 822897 132861 0.19
953745 1698014 132998 0.16
979655 2017624 133135 0.10
953745 1698014 133172 0.15
927223 823176 133209 0.19
953745 1698014 133433 0.16
1005848 1985991 133446 0.6
953745 1698014 133520 0.15
953235 1698524 133694 0.16
927223 823176 133731 0.19
953891 1697868 133781 0.15
979474 2022125 133831 0.10
952580 1699179 134042 0.16
927223 823176 134079 0.19
953891 1697868 134129 0.15
953235 1698524 134390 0.16
953235 1698524 134477 0.15
1005769 1993670 134490 0.6
927223 823176 134601 0.19
980557 2024322 134621 0.11
953891 1697868 134651 0.16
953235 1698524 134825 0.15
927223 823176 134949 0.19
979433 2026566 134962 0.10
953891 1697868 134999 0.16
953235 1698524 135173 0.15
953235 1698524 135347 0.16
952580 1699179 135434 0.15
927835 822564 135471 0.19
979247 2030032 135571 0.10
953235 1698524 135695 0.16
952580 1699179 135782 0.15
928955 823684 135819 0.19
953235 1698524 136043 0.16
954383 1697376 136130 0.15
928003 824636 136254 0.19
980248 2032231 136274 0.11
953891 1697868 136304 0.16
1005642 2004677 136317 0.6
953891 1697868 136391 0.15
979445 2035274 136528 0.10
953891 1697868 136652 0.16
929463 825416 136689 0.19
952580 1699179 136739 0.15
954355 1699644 137000 0.16
954355 1699644 137087 0.15
979247 2038752 137224 0.10
955475 1700764 137348 0.16
955475 1700764 137435 0.15
954820 1701419 137609 0.16
955475 1700764 137783 0.15
1005409 2014670 137883 0.6
981368 2042071 137927 0.11
954820 1701419 137957 0.16
956131 1700108 138044 0.15
980775 2043784 138181 0.10
956131 1700108 138218 0.16
955475 1700764 138305 0.15
955475 1700764 138479 0.16
955475 1700764 138566 0.15
1005259 2019220 138579 0.7
955475 1700764 138740 0.16
957005 1699234 138827 0.15
981714 2048365 138877 0.10
957005 1699234 139001 0.16
955475 1700764 139088 0.15
955475 1700764 139262 0.16
955475 1700764 139349 0.15
982831 2050528 139406 0.11
955475 1700764 139523 0.16
1007763 2027676 139536 0.6
955475 1700764 139610 0.15
981487 2054032 139660 0.10
955475 1700764 139784 0.16
956515 1701804 139871 0.15
956515 1701804 140045 0.16
956515 1701804 140132 0.15
1007706 2032133 140145 0.7
981753 2057046 140182 0.10
957635 1702924 140306 0.16
957635 1702924 140393 0.15
957635 1702924 140567 0.16
957635 1702924 140654 0.15
982874 2059205 140711 0.11
957635 1702924 140828 0.16
957635 1702924 140915 0.15
1007644 2037715 140928 0.6
982527 2062672 140965 0.10
957635 1702924 141089 0.16
957635 1702924 141176 0.15
957635 1702924 141350 0.16
957635 1702924 141437 0.15
1007731 2041948 141450 0.7
983939 2066780 141487 0.10
957635 1702924 141611 0.16
959165 1701394 141698 0.15
959165 1701394 141872 0.16
957635 1702924 141959 0.15
984648 2069351 142016 0.11
957635 1702924 142133 0.16
957635 1702924 142220 0.15
1009965 2050594 142233 0.6
983647 2072512 142270 0.10
957635 1702924 142394 0.16
957635 1702924 142481 0.15
957635 1702924 142655 0.16
957635 1702924 142742 0.15
1010169 2054710 142755 0.7
983939 2075500 142792 0.10
957635 1702924 142916 0.16
957635 1702924 143003 0.15
957635 1702924 143177 0.16
957635 1702924 143264 0.15
984648 2078071 143321 0.11
957635 1702924 143438 0.16
957635 1702924 143525 0.15
1009659 2060660 143538 0.6
984157 2079682 143575 0.10
957635 1702924 143699 0.16
957635 1702924 143786 0.15
957635 1702924 143960 0.16
957635 1702924 144047 0.15
1010169 2064550 144060 0.7
983939 2083180 144097 0.10
957635 1702924 144221 0.16
957635 1702924 144308 0.15
957635 1702924 144482 0.16
959165 1701394 144569 0.15
985060 2085339 144626 0.11
959165 1701394 144743 0.16
957635 1702924 144830 0.15
1009829 2071370 144843 0.6
983647 2088912 144880 0.10
957635 1702924 145004 0.16
957635 1702924 145091 0.15
958755 1704044 145265 0.16
958755 1704044 145352 0.15
1009659 2075940 145365 0.7
983939 2091900 145402 0.10
958755 1704044 145526 0.16
959795 1705084 145613 0.15
959795 1705084 145787 0.16
959795 1705084 145874 0.15
985060 2094059 145931 0.11
959795 1705084 146048 0.16
959795 1705084 146135 0.15
1009829 2081210 146148 0.6
983647 2096512 146185 0.10
959795 1705084 146309 0.16
959795 1705084 146396 0.15
959795 1705084 146570 0.16
959795 1705084 146657 0.15
1009659 2085700 146670 0.7
986099 2101660 146707 0.10
959795 1705084 146831 0.16
959795 1705084 146918 0.15
959795 1705084 147092 0.16
959795 1705084 147179 0.15
986808 2104231 147236 0.11
959795 1705084 147353 0.16
961325 1703554 147440 0.15
1011289 2092870 147453 0.6
985807 2107392 147490 0.10
961325 1703554 147614 0.16
959795 1705084 147701 0.15
959795 1705084 147875 0.16
959795 1705084 147962 0.15
1012329 2098230 147975 0.7
986099 2110380 148012 0.10
959795 1705084 148136 0.16
960713 1704166 148310 0.16
959795 1705084 148484 0.16
986808 2112951 148541 0.11
959795 1705084 148658 0.16
1011989 2104090 148758 0.6
986317 2114562 148795 0.10
959795 1705084 148832 0.16
959795 1705084 149006 0.16
959795 1705084 149180 0.16
985807 2118272 149230 0.10
1012329 2108150 149280 0.7
959795 1705084 149354 0.16
959795 1705084 149528 0.16
987037 2120322 149585 0.11
959795 1705084 149702 0.16
985807 2123792 149752 0.10
959795 1705084 149876 0.16
959795 1705084 150050 0.16
1011989 2114970 150063 0.6
985399 2127400 150100 0.10
959795 1705084 150224 0.16
959795 1705084 150398 0.16
1011819 2119540 150411 0.7
986808 2129271 150455 0.11
959795 1705084 150572 0.16
985807 2131392 150622 0.10
960915 1706204 150746 0.16
960915 1706204 150920 0.16
1011819 2124980 150933 0.6
986682 2133797 150970 0.10
961955 1707244 151094 0.16
961955 1707244 151268 0.16
1011487 2129632 151281 0.7
987426 2136333 151325 0.11
961955 1707244 151442 0.16
986572 2139347 151492 0.10
961955 1707244 151616 0.16
961955 1707244 151790 0.16
1012038 2135641 151803 0.6
987802 2143637 151840 0.10
961955 1707244 151964 0.16
961955 1707244 152138 0.16
1012584 2139415 152151 0.7
989586 2147213 152195 0.11
961955 1707244 152312 0.16
987967 2149872 152362 0.10
961955 1707244 152486 0.16
961955 1707244 152660 0.16
1013449 2146310 152673 0.6
987967 2153152 152710 0.10
964251 1704948 152834 0.16
964251 1704948 153008 0.16
1014744 2151415 153021 0.7
988968 2155431 153065 0.11
961955 1707244 153182 0.16
987967 2158592 153232 0.10
961037 1708162 153443 0.16
1014489 2158230 153543 0.6
987967 2161872 153580 0.10
961955 1707244 153704 0.16
961955 1707244 153878 0.17
1013979 2163060 153891 0.7
988968 2164151 153935 0.11
961955 1707244 153965 0.16
987967 2166272 154102 0.10
961955 1707244 154139 0.17
961955 1707244 154226 0.16
961955 1707244 154400 0.17
1014489 2168070 154413 0.6
961955 1707244 154487 0.16
988375 2169144 154537 0.10
961955 1707244 154661 0.17
961955 1707244 154748 0.16
1013979 2172900 154761 0.7
961955 1707244 154922 0.17
961955 1707244 155009 0.16
989236 2171483 155066 0.11
961955 1707244 155183 0.17
961955 1707244 155270 0.16
1013979 2179460 155283 0.6
987967 2174992 155320 0.10
961955 1707244 155444 0.17
963485 1705714 155531 0.16
963485 1705714 155705 0.17
961955 1707244 155792 0.16
1013979 2183780 155805 0.7
987967 2178272 155842 0.10
961955 1707244 155966 0.17
961955 1707244 156053 0.16
961955 1707244 156227 0.17
961955 1707244 156314 0.16
988968 2180471 156371 0.11
961955 1707244 156488 0.17
961955 1707244 156575 0.16
1014198 2189001 156588 0.6
987967 2182592 156625 0.10
961955 1707244 156749 0.17
961955 1707244 156836 0.16
961955 1707244 157010 0.17
961955 1707244 157097 0.16
1014263 2193336 157110 0.7
988259 2185580 157147 0.10
961955 1707244 157271 0.17
961955 1707244 157358 0.16
961955 1707244 157532 0.17
961955 1707244 157619 0.16
988968 2189191 157676 0.11
961955 1707244 157793 0.17
961955 1707244 157880 0.16
1014362 2199717 157893 0.6
988477 2192962 157930 0.10
961955 1707244 158054 0.17
961955 1707244 158141 0.16
961955 1707244 158315 0.17
963485 1705714 158402 0.16
1014489 2203990 158415 0.7
988259 2198620 158452 0.10
963485 1705714 158576 0.17
961955 1707244 158663 0.16
961955 1707244 158837 0.17
961955 1707244 158924 0.16
989380 2203019 158981 0.11
961955 1707244 159098 0.17
961955 1707244 159185 0.16
1014149 2213130 159198 0.6
987967 2206592 159235 0.10
961955 1707244 159359 0.17
961955 1707244 159446 0.16
961955 1707244 159620 0.17
961955 1707244 159707 0.16
1013979 2219780 159720 0.7
988259 2211740 159757 0.10
961955 1707244 159881 0.17
961955 1707244 159968 0.16
961955 1707244 160142 0.17
961955 1707244 160229 0.16
989380 2216059 160286 0.11
961955 1707244 160403 0.17
961955 1707244 160490 0.16
1014149 2229450 160503 0.6
987967 2220752 160540 0.10
961955 1707244 160664 0.17
961955 1707244 160751 0.16
961955 1707244 160925 0.17
961955 1707244 161012 0.16
1013979 2236100 161025 0.7
988259 2225900 161062 0.10
961955 1707244 161186 0.17
963485 1705714 161273 0.16
963485 1705714 161447 0.17
961955 1707244 161534 0.16
988968 2230631 161591 0.11
961955 1707244 161708 0.17
961955 1707244 161795 0.16
1014149 2244650 161808 0.6
987967 2233792 161845 0.10
961955 1707244 161969 0.17
961955 1707244 162056 0.16
961955 1707244 162230 0.17
961955 1707244 162317 0.16
1014489 2250870 162330 0.7
988259 2239020 162367 0.10
961955 1707244 162491 0.17
961955 1707244 162578 0.16
961955 1707244 162752 0.17
961955 1707244 162839 0.16
988968 2243751 162896 0.11
961955 1707244 163013 0.17
961955 1707244 163100 0.16
1014489 2260630 163113 0.6
988477 2247522 163150 0.10
961955 1707244 163274 0.17
961955 1707244 163361 0.16
961955 1707244 163535 0.17
961955 1707244 163622 0.16
1014489 2267190 163635 0.7
988259 2253180 163672 0.10
961955 1707244 163796 0.17
961955 1707244 163883 0.16
961955 1707244 164057 0.17
963485 1705714 164144 0.16
989380 2257499 164201 0.11
963485 1705714 164318 0.17
961955 1707244 164405 0.16
1014149 2276330 164418 0.6
987967 2261072 164455 0.10
961955 1707244 164579 0.17
961955 1707244 164666 0.16
961955 1707244 164840 0.17
961955 1707244 164927 0.16
1013979 2282980 164940 0.7
988259 2266220 164977 0.10
961955 1707244 165101 0.17
961955 1707244 165188 0.16
961955 1707244 165362 0.17
961955 1707244 165449 0.16
989380 2270539 165506 0.11
961955 1707244 165623 0.17
961955 1707244 165710 0.16
1014149 2292650 165723 0.6
987967 2275232 165760 0.10
961955 1707244 165884 0.17
961955 1707244 165971 0.16
961955 1707244 166145 0.17
961955 1707244 166232 0.16
1013979 2299300 166245 0.7
988259 2280380 166282 0.10
961955 1707244 166406 0.17
961955 1707244 166493 0.16
963485 1705714 166667 0.17
961955 1707244 166754 0.16
988968 2285111 166811 0.11
961955 1707244 166928 0.17
963485 1705714 167015 0.16
1014149 2307850 167028 0.6
987967 2288352 167065 0.10
961955 1707244 167189 0.17
961955 1707244 167276 0.16
961955 1707244 167450 0.17
961955 1707244 167537 0.16
1014489 2314150 167550 0.7
988259 2293500 167587 0.10
961955 1707244 167711 0.17
961955 1707244 167798 0.16
961955 1707244 167972 0.17
961955 1707244 168059 0.16
988968 2298231 168116 0.11
961955 1707244 168233 0.17
961955 1707244 168320 0.16
1014149 2324250 168333 0.6
988477 2302002 168370 0.10
961955 1707244 168494 0.17
961955 1707244 168581 0.16
961955 1707244 168755 0.17
961955 1707244 168842 0.16
1014489 2330470 168855 0.7
988259 2307660 168892 0.10
961955 1707244 169016 0.17
961955 1707244 169103 0.16
961955 1707244 169277 0.17
961955 1707244 169364 0.16
989380 2311979 169421 0.11
963485 1705714 169538 0.17
961955 1707244 169625 0.16
1014149 2339530 169638 0.6
987967 2315552 169675 0.10
961955 1707244 169799 0.17
963485 1705714 169886 0.16
961955 1707244 170060 0.17
961955 1707244 170147 0.16
1013979 2346180 170160 0.7
987676 2321283 170197 0.10
961955 1707244 170321 0.17
961955 1707244 170408 0.16
961955 1707244 170582 0.17
961955 1707244 170669 0.16
989380 2325099 170726 0.11
961955 1707244 170843 0.17
961955 1707244 170930 0.16
1014149 2355850 170943 0.6
987967 2329712 170980 0.10
961955 1707244 171104 0.17
961955 1707244 171191 0.16
961955 1707244 171365 0.17
961955 1707244 171452 0.16
1013979 2362500 171465 0.7
988259 2334940 171502 0.10
961955 1707244 171626 0.17
961955 1707244 171713 0.16
961955 1707244 171887 0.17
961955 1707244 171974 0.16
988968 2339671 172031 0.11
961955 1707244 172148 0.17
963485 1705714 172235 0.16
1014489 2370790 172248 0.6
988477 2342322 172285 0.10
963485 1705714 172409 0.17
961955 1707244 172496 0.16
961955 1707244 172670 0.17
961955 1707244 172757 0.16
1014489 2377350 172770 0.7
988259 2347980 172807 0.10
961955 1707244 172931 0.17
961955 1707244 173018 0.16
961955 1707244 173192 0.17
961955 1707244 173279 0.16
988968 2352711 173336 0.11
961955 1707244 173453 0.17
961955 1707244 173540 0.16
1014149 2387450 173553 0.6
988477 2356482 173590 0.10
961955 1707244 173714 0.17
961955 1707244 173801 0.16
961955 1707244 173975 0.17
961955 1707244 174062 0.16
1013979 2394180 174075 0.7
988259 2362140 174112 0.10
961955 1707244 174236 0.17
961955 1707244 174323 0.16
961955 1707244 174497 0.17
961955 1707244 174584 0.16
989380 2366459 174641 0.11
961955 1707244 174758 0.17
961955 1707244 174845 0.16
1014149 2402730 174858 0.6
987967 2370112 174895 0.10
961955 1707244 175019 0.17
963485 1705714 175106 0.16
963485 1705714 175280 0.17
961955 1707244 175367 0.16
1013979 2409380 175380 0.7
987676 2375843 175417 0.10
961955 1707244 175541 0.17
961037 1708162 175715 0.17
961955 1707244 175889 0.17
988968 2379991 175946 0.11
961955 1707244 176063 0.17
1014149 2419050 176163 0.6
987967 2384272 176200 0.10
961955 1707244 176237 0.17
961955 1707244 176411 0.17
961955 1707244 176585 0.17
988579 2389100 176635 0.10
1014489 2425270 176685 0.7
961955 1707244 176759 0.17
961955 1707244 176933 0.17
989197 2393922 176990 0.11
961955 1707244 177107 0.17
988579 2396700 177157 0.10
961955 1707244 177281 0.17
961955 1707244 177455 0.17
1014489 2433990 177468 0.6
988375 2402344 177505 0.10
961955 1707244 177629 0.17
964251 1704948 177803 0.17
1014526 2440513 177816 0.7
989530 2406629 177860 0.11
964251 1704948 177977 0.17
987967 2411472 178027 0.10
961955 1707244 178151 0.17
961955 1707244 178325 0.17
1014362 2450437 178338 0.6
987967 2416912 178375 0.10
961955 1707244 178499 0.17
961955 1707244 178673 0.17
1014312 2457047 178686 0.7
988968 2420311 178730 0.11
961955 1707244 178847 0.17
987967 2422432 178897 0.10
961955 1707244 179021 0.17
961955 1707244 179195 0.17
1014198 2465961 179208 0.6
987967 2425632 179245 0.10
961955 1707244 179369 0.17
961955 1707244 179543 0.17
1013979 2472660 179556 0.7
988968 2427911 179600 0.11
961955 1707244 179717 0.17
987967 2431152 179767 0.10
961955 1707244 179891 0.17
961955 1707244 180065 0.17
1013979 2479220 180078 0.6
987967 2434352 180115 0.10
961955 1707244 180239 0.17
961955 1707244 180413 0.17
1013979 2483540 180426 0.7
988968 2436631 180470 0.11
961955 1707244 180587 0.17
987967 2438752 180637 0.10
961955 1707244 180761 0.17
961955 1707244 180935 0.17
1013979 2488980 180948 0.6
987967 2442032 180985 0.10
961955 1707244 181109 0.17
961955 1707244 181283 0.17
1013979 2493380 181296 0.7
988968 2444311 181340 0.11
961955 1707244 181457 0.17
987967 2447472 181507 0.10
961955 1707244 181631 0.17
961955 1707244 181805 0.17
1013979 2499860 181818 0.6
988842 2449877 181855 0.10
961955 1707244 181979 0.17
961955 1707244 182153 0.17
1013979 2504260 182166 0.7
989586 2452413 182210 0.11
961955 1707244 182327 0.17
988732 2454307 182377 0.10
961955 1707244 182501 0.17
961955 1707244 182675 0.17
1014489 2509270 182688 0.6
988842 2457477 182725 0.10
961955 1707244 182849 0.17
961955 1707244 183023 0.17
1014744 2513255 183036 0.7
989586 2460013 183080 0.11
961955 1707244 183197 0.17
987967 2463792 183247 0.10
964251 1704948 183371 0.17
964251 1704948 183545 0.17
1014489 2520150 183558 0.6
987967 2467072 183595 0.10
961955 1707244 183719 0.17
961955 1707244 183893 0.17
1014744 2524135 183906 0.7
988968 2469351 183950 0.11
961955 1707244 184067 0.17
987967 2471472 184117 0.10
961955 1707244 184241 0.17
961955 1707244 184415 0.17
1014489 2529910 184428 0.6
987967 2474752 184465 0.10
961955 1707244 184589 0.17
961955 1707244 184763 0.17
1013979 2534820 184776 0.7
988968 2476951 184820 0.11
961955 1707244 184937 0.17
987967 2480192 184987 0.10
961955 1707244 185111 0.17
961955 1707244 185285 0.17
1013979 2541300 185298 0.6
987967 2483472 185335 0.10
961955 1707244 185459 0.17
961955 1707244 185633 0.17
1013979 2545700 185646 0.7
988968 2485671 185690 0.11
961955 1707244 185807 0.17
987967 2487792 185857 0.10
961955 1707244 185981 0.17
961955 1707244 186155 0.17
1013979 2551140 186168 0.6
987967 2491072 186205 0.10
961955 1707244 186329 0.17
961955 1707244 186503 0.17
1013979 2555460 186516 0.7
988968 2493351 186560 0.11
961955 1707244 186677 0.17
987967 2496512 186727 0.10
961955 1707244 186851 0.17
961955 1707244 187025 0.17
1013979 2562020 187038 0.6
987967 2499792 187075 0.10
961955 1707244 187199 0.17
961955 1707244 187373 0.17
1013979 2566340 187386 0.7
989586 2501453 187430 0.11
961955 1707244 187547 0.17
988732 2503347 187597 0.10
961955 1707244 187721 0.17
961955 1707244 187895 0.17
1013979 2571860 187908 0.6
988842 2506517 187945 0.10
961955 1707244 188069 0.17
961955 1707244 188243 0.17
1014744 2575495 188256 0.7
989586 2509053 188300 0.11
961955 1707244 188417 0.17
988732 2512067 188467 0.10
961955 1707244 188591 0.17
961955 1707244 188765 0.17
1014489 2582230 188778 0.6
987967 2516112 188815 0.10
964251 1704948 188939 0.17
964251 1704948 189113 0.17
1014744 2586375 189126 0.7
988968 2518391 189170 0.11
961955 1707244 189287 0.17
987967 2520512 189337 0.10
961955 1707244 189461 0.17
961955 1707244 189635 0.17
1014489 2592070 189648 0.6
987967 2523792 189685 0.10
961955 1707244 189809 0.17
961955 1707244 189983 0.17
1013979 2596900 189996 0.7
988968 2526071 190040 0.11
961955 1707244 190157 0.17
987967 2529232 190207 0.10
961955 1707244 190331 0.17
961955 1707244 190505 0.17
1014489 2602950 190518 0.6
987967 2532512 190555 0.10
961955 1707244 190679 0.17
961955 1707244 190853 0.17
1013979 2607780 190866 0.7
988968 2534791 190910 0.11
961955 1707244 191027 0.17
987967 2536832 191077 0.10
961955 1707244 191201 0.17
961955 1707244 191375 0.17
1013979 2613220 191388 0.6
987967 2540112 191425 0.10
961955 1707244 191549 0.17
961955 1707244 191723 0.17
1013979 2617620 191736 0.7
961955 1707244 191897 0.17
988968 2544551 191954 0.11
961955 1707244 192071 0.17
987967 2546672 192121 0.10
961955 1707244 192245 0.17
1013979 2624100 192258 0.6
961955 1707244 192419 0.17
961955 1707244 192593 0.17
1013979 2628500 192606 0.7
987967 2552112 192643 0.10
961955 1707244 192767 0.17
961955 1707244 192941 0.17
988842 2554517 192991 0.12
961955 1707244 193115 0.17
989443 2554956 193172 0.11
936037 831802 193239 0.18
961955 1707244 193289 0.17
1013979 2636180 193302 0.6
988524 2558115 193339 0.10
961955 1707244 193463 0.17
961955 1707244 193637 0.17
988842 2559957 193687 0.12
961955 1707244 193811 0.17
1014617 2640982 193824 0.7
988579 2561340 193861 0.10
961955 1707244 193985 0.17
961955 1707244 194159 0.17
987967 2564112 194209 0.12
989409 2563710 194390 0.11
962873 1706326 194420 0.17
1014404 2648795 194520 0.6
988524 2565715 194557 0.10
962873 1706326 194594 0.17
961955 1707244 194768 0.17
987967 2568432 194905 0.12
961955 1707244 194942 0.17
1014526 2652993 195042 0.7
987967 2569552 195079 0.10
961955 1707244 195116 0.17
961955 1707244 195290 0.17
961955 1707244 195464 0.17
988375 2571304 195514 0.12
989181 2571618 195695 0.11
1014362 2658677 195738 0.6
988233 2573606 195862 0.10
988375 2575704 196210 0.12
1013715 2663724 196347 0.7
988259 2576860 196384 0.10
987497 2579862 196645 0.12
989197 2579202 196739 0.11
987967 2581552 196819 0.10
987287 2584392 196993 0.12
1014513 2668286 197043 0.6
987967 2584832 197080 0.10
988842 2586117 197254 0.12
988643 2587436 197348 0.11
987967 2589152 197428 0.10
1014243 2672956 197565 0.7
988842 2590437 197602 0.12
987967 2591312 197689 0.10
987093 2592186 197863 0.12
1014175 2678464 197913 0.6
988968 2590311 197957 0.11
987411 2591868 198037 0.10
1014344 2682615 198174 0.7
987093 2592186 198211 0.12
987967 2591312 198298 0.10
988842 2590437 198472 0.12
1013979 2688500 198522 0.6
989851 2589428 198566 0.11
988842 2590437 198646 0.10
1013979 2690580 198783 0.7
988842 2590437 198820 0.12
988842 2590437 198907 0.10
988842 2590437 199081 0.12
1013979 2692820 199131 0.6
988968 2591431 199175 0.11
988842 2591557 199255 0.10
1015072 2693887 199392 0.7
988842 2591557 199429 0.12
988213 2594426 199516 0.10
988213 2595546 199690 0.12
1014344 2696775 199740 0.6
990088 2593671 199784 0.11
989087 2594672 199951 0.12
1013979 2699300 200001 0.7
990311 2593448 200125 0.12
990088 2593671 200219 0.11
1014344 2702295 200349 0.6
987863 2596936 200386 0.12
987863 2596936 200560 0.12
1015099 2705940 200610 0.7
990088 2594711 200654 0.11
990311 2594488 200821 0.12
1015099 2709220 200871 0.6
990311 2594488 200995 0.12
1015099 2711380 201045 0.7
991324 2593475 201089 0.11
990311 2594488 201256 0.12
1015099 2713620 201306 0.6
990311 2594488 201430 0.12
1015099 2716820 201480 0.7
990088 2594711 201524 0.11
987863 2596936 201691 0.12
1015099 2718980 201741 0.6
987863 2596936 201865 0.12
1015099 2721140 201915 0.7
990088 2594711 201959 0.11
990311 2594488 202126 0.12
1015609 2722870 202176 0.6
990311 2595608 202300 0.12
1015099 2725540 202350 0.7
990088 2595831 202394 0.11
987863 2598056 202561 0.12
1015609 2727190 202611 0.6
987863 2598056 202735 0.12
1016629 2728330 202785 0.7
990088 2596951 202829 0.11
990311 2596728 202996 0.12
1015609 2731590 203046 0.6
990311 2596728 203170 0.12
1015099 2734260 203220 0.7
990088 2596951 203264 0.11
987863 2600216 203431 0.12
1015609 2737030 203481 0.6
987863 2600216 203605 0.12
1015099 2739700 203655 0.7
990088 2597991 203699 0.11
990311 2597768 203866 0.12
1014589 2743570 203916 0.6
990311 2597768 204040 0.12
1015099 2745220 204090 0.7
991324 2596755 204134 0.11
990311 2597768 204301 0.12
1015609 2746870 204351 0.6
990311 2597768 204475 0.12
1015099 2750580 204525 0.7
990088 2597991 204569 0.11
987863 2600216 204736 0.12
1014589 2753330 204786 0.6
987863 2600216 204910 0.12
1016629 2753450 204960 0.7
990088 2597991 205004 0.11
990311 2597768 205171 0.12
1015609 2756630 205221 0.6
990311 2597768 205345 0.12
1015099 2759300 205395 0.7
990088 2599111 205439 0.11
987863 2601336 205606 0.12
1015609 2761030 205656 0.6
937164 832915 205680 0.18
987863 2601336 205780 0.12
1015099 2763700 205830 0.7
990088 2600151 205874 0.11
990311 2599928 206041 0.12
1015609 2765350 206091 0.6
990311 2599928 206215 0.12
1015099 2766980 206265 0.7
937160 832919 206289 0.18
990088 2600151 206309 0.11
987863 2603496 206476 0.12
1015609 2768630 206526 0.6
990311 2601048 206650 0.12
1015099 2770260 206700 0.7
990088 2601271 206744 0.11
990311 2601048 206911 0.12
1014589 2772930 206961 0.6
987863 2603496 207085 0.12
1015099 2773460 207135 0.7
991324 2600035 207179 0.11
990311 2601048 207346 0.12
1015609 2774070 207396 0.6
990311 2601048 207520 0.12
1015099 2776820 207570 0.7
990088 2601271 207614 0.11
1015609 2777350 207831 0.6
989087 2602272 207868 0.12
1016629 2777450 208005 0.7
989087 2602272 208042 0.12
989526 2601833 208136 0.11
1015609 2779510 208266 0.6
989087 2602272 208390 0.12
1015099 2781140 208440 0.7
989087 2602272 208564 0.12
990088 2601271 208658 0.11
1015099 2782260 208788 0.6
987863 2604616 208825 0.12
937162 832917 208899 0.19
1014404 2783995 208962 0.7
987863 2604616 208999 0.12
990650 2601829 209093 0.11
1015099 2784420 209223 0.6
990311 2603208 209260 0.12
937155 832924 209334 0.19
990311 2603208 209434 0.12
1015099 2785540 209484 0.7
991324 2602195 209528 0.11
990311 2604328 209695 0.12
1015549 2787250 209745 0.6
990311 2604328 209869 0.12
1015795 2788124 209919 0.7
990088 2604551 209963 0.11
987863 2606776 210130 0.12
1015099 2790900 210180 0.6
987863 2606776 210304 0.12
1015099 2792020 210354 0.7
990088 2604551 210398 0.11
990311 2604328 210565 0.12
1015099 2793140 210615 0.6
990311 2604328 210739 0.12
1015099 2795300 210789 0.7
990088 2604551 210833 0.11
1015609 2795910 211050 0.6
989087 2605552 211087 0.12
1016629 2796010 211224 0.7
989087 2605552 211261 0.12
990088 2604551 211442 0.11
1015609 2798070 211485 0.6
989087 2605552 211609 0.12
1015099 2799700 211659 0.7
989087 2605552 211783 0.12
990088 2604551 211877 0.11
1015099 2800740 212007 0.6
988983 2607896 212044 0.12
1014404 2802555 212181 0.7
991431 2605448 212218 0.12
991208 2605671 212312 0.11
991431 2605448 212479 0.12
1014649 2803430 212529 0.6
990023 2608936 212653 0.12
1015099 2804020 212703 0.7
993484 2605475 212747 0.11
992471 2606488 212914 0.12
1016669 2805810 212964 0.6
992471 2606488 213088 0.12
1016915 2806684 213138 0.7
992248 2606711 213182 0.11
990023 2608936 213349 0.12
1017176 2807463 213399 0.6
990023 2608936 213523 0.12
1018789 2809050 213573 0.7
992248 2606711 213617 0.11
992471 2606488 213784 0.12
1017769 2811110 213834 0.6
992471 2606488 213958 0.12
1017259 2812740 214008 0.7
992248 2606711 214052 0.11
990023 2608936 214219 0.12
1017769 2813350 214269 0.6
990023 2608936 214393 0.12
1017259 2814900 214443 0.7
940439 836200 214467 0.19
992248 2606711 214487 0.11
992471 2606488 214654 0.12
1016749 2816530 214704 0.6
992471 2606488 214828 0.12
1017259 2817140 214878 0.7
940439 836200 214902 0.19
992248 2606711 214922 0.11
992471 2606488 215089 0.12
1017769 2817670 215139 0.6
992471 2606488 215263 0.12
1017259 2819300 215313 0.7
992248 2606711 215357 0.11
990023 2608936 215524 0.12
1016749 2820850 215574 0.6
991143 2610056 215698 0.12
1017259 2821460 215748 0.7
994604 2606595 215792 0.11
993591 2607608 215959 0.12
1017769 2822070 216009 0.6
993591 2607608 216133 0.12
1017259 2823620 216183 0.7
993368 2607831 216227 0.11
991143 2610056 216394 0.12
1017769 2824230 216444 0.6
1019909 2825450 216618 0.7
992367 2608832 216655 0.12
992806 2608393 216749 0.11
1018889 2827510 216879 0.6
993242 2607957 217003 0.12
1018379 2829140 217053 0.7
992367 2608832 217177 0.12
993368 2607831 217271 0.11
1018889 2829670 217314 0.6
991143 2610056 217438 0.12
1017684 2831995 217575 0.7
991143 2610056 217612 0.12
993930 2607269 217706 0.11
1018379 2832420 217836 0.6
993591 2607608 217873 0.12
993591 2607608 218047 0.12
1018379 2833460 218097 0.7
994604 2606595 218141 0.11
993591 2607608 218308 0.12
1018829 2834130 218358 0.6
993591 2607608 218482 0.12
1019075 2833884 218532 0.7
993368 2607831 218576 0.11
991143 2610056 218743 0.12
1018829 2834130 218793 0.6
991143 2610056 218917 0.12
1019909 2833050 218967 0.7
993368 2607831 219011 0.11
993591 2607608 219178 0.12
1018379 2834580 219228 0.6
993591 2607608 219352 0.12
1018379 2834580 219402 0.7
993368 2607831 219446 0.11
991143 2610056 219613 0.12
1018889 2834070 219663 0.6
991143 2610056 219787 0.12
1018379 2834580 219837 0.7
993368 2607831 219881 0.11
940439 836200 220035 0.19
993591 2607608 220048 0.12
1017869 2835090 220098 0.6
993591 2607608 220222 0.12
1018379 2834580 220272 0.7
993368 2607831 220316 0.11
991143 2610056 220483 0.12
1018889 2834070 220533 0.6
940485 836154 220557 0.19
993591 2607608 220657 0.12
1018379 2834580 220707 0.7
993368 2607831 220751 0.11
993591 2607608 220918 0.12
1017869 2835090 220968 0.6
991143 2610056 221092 0.12
1018379 2834580 221142 0.7
994604 2606595 221186 0.11
1018889 2834070 221403 0.6
992367 2608832 221440 0.12
1018379 2834580 221577 0.7
993242 2607957 221701 0.12
993368 2607831 221795 0.11
1018889 2834070 221838 0.6
991493 2609706 221962 0.13
1019909 2833050 222012 0.7
992367 2608832 222136 0.12
1018889 2834070 222273 0.6
992367 2608832 222310 0.13
992367 2608832 222397 0.12
992956 2608243 222491 0.11
1019075 2833884 222534 0.7
993047 2608152 222745 0.13
992367 2608832 222832 0.12
1018829 2834130 222882 0.6
992367 2608832 223006 0.13
992367 2608832 223093 0.12
993368 2607831 223187 0.11
1018379 2834580 223230 0.7
993242 2607957 223354 0.13
993242 2607957 223441 0.12
993242 2607957 223615 0.13
1018015 2834944 223665 0.6
993242 2607957 223702 0.12
993780 2607419 223796 0.11
1018379 2834580 223926 0.7
991493 2609706 223963 0.13
993242 2607957 224050 0.12
993242 2607957 224224 0.13
1018712 2834247 224274 0.6
991493 2609706 224311 0.12
994251 2606948 224405 0.11
1018889 2834070 224535 0.7
993242 2607957 224572 0.13
991493 2609706 224659 0.12
991493 2609706 224833 0.13
1018712 2834247 224883 0.6
993242 2607957 224920 0.12
993368 2607831 225014 0.11
1018379 2834580 225144 0.7
991493 2609706 225181 0.13
993242 2607957 225268 0.12
993242 2607957 225442 0.13
1018744 2834215 225492 0.6
991493 2609706 225529 0.12
993368 2607831 225623 0.11
1018379 2834580 225753 0.7
993242 2607957 225790 0.13
991493 2609706 225877 0.12
991493 2609706 226051 0.13
1018744 2834215 226101 0.6
993242 2607957 226138 0.12
994251 2606948 226232 0.11
993242 2607957 226399 0.13
993242 2607957 226486 0.12
993242 2607957 226660 0.13
1018379 2836740 226710 0.7
993242 2607957 226747 0.12
993368 2607831 226841 0.11
1018379 2837860 226971 0.6
991493 2608666 227008 0.13
993242 2605797 227095 0.12
993242 2603637 227269 0.13
991493 2604266 227356 0.12
993368 2601351 227450 0.11
1018744 2839655 227580 0.7
993242 2599237 227617 0.13
991493 2599946 227704 0.12
991493 2596666 227878 0.13
1018926 2840593 227928 0.6
993242 2592757 227965 0.12
993368 2590391 228059 0.11
1018744 2838615 228189 0.8
991493 2587946 228226 0.13
993242 2583957 228313 0.12
993242 2579637 228487 0.13
1018744 2835335 228537 0.7
991493 2579226 228574 0.12
993368 2575191 228668 0.11
1018626 2833293 228798 0.6
993242 2570917 228835 0.13
993242 2568757 228922 0.12
993242 2564437 229096 0.13
1018744 2825495 229146 0.8
993242 2562197 229183 0.12
994251 2559028 229277 0.11
1018015 2820864 229407 0.7
993242 2555637 229444 0.13
991493 2555226 229531 0.12
991493 2550826 229705 0.13
1018379 2812740 229755 0.6
993242 2546997 229792 0.12
993368 2544631 229886 0.11
1018744 2806935 230016 0.8
991493 2542186 230053 0.13
993242 2538197 230140 0.12
993242 2533877 230314 0.13
1018744 2799415 230364 0.7
991493 2533386 230401 0.12
993368 2529431 230495 0.11
1018626 2794013 230625 0.6
993242 2525157 230662 0.13
991493 2524746 230749 0.12
989333 2518186 230923 0.13
1018744 2786295 230973 0.8
989962 2513157 231010 0.12
988968 2509671 231104 0.11
1018744 2780855 231234 0.7
984933 2505066 231271 0.13
985642 2500117 231358 0.12
983402 2493477 231532 0.13
1018379 2773540 231582 0.6
980613 2492026 231619 0.12
981368 2486871 231713 0.11
1017624 2766615 231843 0.8
979082 2480517 231880 0.13
977962 2477157 231967 0.12
975802 2471797 232141 0.13
1013304 2754695 232191 0.7
974682 2469557 232228 0.12
974651 2465268 232322 0.11
1009906 2746093 232452 0.6
971402 2459717 232489 0.13
968613 2458266 232576 0.12
966453 2451706 232750 0.13
1005624 2733895 232800 0.8
967082 2446677 232837 0.12
966088 2443271 232931 0.11
1002424 2725255 233061 0.7
962053 2438586 233098 0.13
962682 2433557 233185 0.12
960522 2426997 233359 0.13
997659 2715780 233409 0.6
957733 2425546 233446 0.12
958488 2420391 233540 0.11
994744 2706695 233670 0.8
956202 2413957 233707 0.13
953333 2412426 233794 0.12
951173 2405946 233968 0.13
990424 2694695 234018 0.7
951802 2400837 234055 0.12
950888 2397511 234149 0.11
987026 2686173 234279 0.6
946773 2392826 234316 0.13
947482 2387797 234403 0.12
945242 2381237 234577 0.13
982015 2674704 234627 0.8
944202 2378037 234664 0.12
943208 2374551 234758 0.11
979464 2665255 234888 0.7
940922 2368197 234925 0.13
939802 2364917 235012 0.12
937642 2358357 235186 0.13
975257 2653222 235236 0.6
934773 2356826 235273 0.12
936491 2350868 235367 0.11
971864 2644535 235497 0.8
933322 2345317 235534 0.13
930453 2343786 235621 0.12
928293 2337226 235795 0.13
967544 2632615 235845 0.7
928922 2332197 235882 0.12
927928 2328791 235976 0.11
964146 2624013 236106 0.6
923893 2324106 236143 0.13
924602 2319157 236230 0.12
922362 2312597 236404 0.13
959864 2611815 236454 0.8
919573 2311066 236491 0.12
920328 2305911 236585 0.11
956584 2603175 236715 0.7
918042 2299557 236752 0.13
915173 2297946 236839 0.12
913013 2291466 237013 0.13
952377 2591062 237063 0.6
913642 2286437 237100 0.12
912728 2283031 237194 0.11
948255 2583184 237324 0.8
910362 2276597 237361 0.13
909322 2273397 237448 0.12
907162 2266837 237622 0.13
943855 2571184 237672 0.7
906042 2263557 237709 0.12
905048 2260151 237803 0.11
941266 2561853 237933 0.6
901013 2255466 237970 0.13
901642 2250437 238057 0.12
899482 2243877 238231 0.13
936984 2549735 238281 0.8
896693 2242426 238318 0.12
898331 2236388 238412 0.11
933704 2541015 238542 0.7
895162 2230837 238579 0.13
892293 2229306 238666 0.12
891173 2223866 238840 0.13
929497 2528902 238890 0.6
891882 2218837 238927 0.12
890888 2215431 239021 0.11
926104 2520375 239151 0.8
886853 2210826 239188 0.13
887482 2205717 239275 0.12
885322 2199237 239449 0.13
921704 2508295 239499 0.7
882453 2197706 239536 0.12
883288 2192551 239630 0.11
918306 2499693 239760 0.6
881002 2186197 239797 0.13
878133 2184666 239884 0.12
877722 2176357 240058 0.13
915224 2488775 240108 0.8
876602 2173077 240145 0.12
876491 2168788 240239 0.11
911215 2480704 240369 0.7
873322 2163237 240406 0.13
872282 2160037 240493 0.12
868293 2155146 240667 0.13
907179 2468340 240717 0.6
869002 2150197 240754 0.12
868008 2146791 240848 0.11
904264 2459255 240978 0.8
863973 2142106 241015 0.13
864602 2137077 241102 0.12
862442 2130597 241276 0.13
899944 2447255 241326 0.7
859573 2128986 241363 0.12
860408 2123911 241457 0.11
896546 2438733 241587 0.6
858042 2117477 241624 0.13
855253 2115946 241711 0.12
853093 2109466 241885 0.13
892264 2426535 241935 0.8
853722 2104437 241972 0.12
852728 2100951 242066 0.11
889064 2417895 242196 0.7
848693 2096346 242233 0.13
849322 2091317 242320 0.12
847162 2084757 242494 0.13
884299 2406260 242544 0.6
844373 2083306 242581 0.12
845128 2078151 242675 0.11
881384 2397095 242805 0.8
842842 2071717 242842 0.13
841722 2068437 242929 0.12
839562 2061877 243103 0.13
877064 2385175 243153 0.7
838442 2058597 243190 0.12
838411 2054388 243284 0.11
873666 2376573 243414 0.6
835162 2048757 243451 0.13
832373 2047306 243538 0.12
830133 2040746 243712 0.13
868655 2365104 243762 0.8
830842 2035717 243799 0.12
829848 2032311 243893 0.11
866104 2355735 244023 0.7
825813 2027706 244060 0.13
826442 2022597 244147 0.12
824282 2016117 244321 0.13
861419 2344100 244371 0.6
821413 2014586 244408 0.12
822248 2009431 244502 0.11
858504 2335015 244632 0.8
819962 2003077 244669 0.13
817093 2001546 244756 0.12
814933 1994986 244930 0.13
854184 2323095 244980 0.7
815562 1989957 245017 0.12
814568 1986551 245111 0.11
850786 2314413 245241 0.6
810533 1981866 245278 0.13
811242 1976917 245365 0.12
809002 1970277 245539 0.13
846504 2302295 245589 0.8
807962 1967077 245626 0.12
806968 1963671 245720 0.11
843224 2293575 245850 0.7
804682 1957237 245887 0.13
803562 1953957 245974 0.12
801402 1947477 246148 0.13
839017 2281462 246198 0.6
798533 1945866 246235 0.12
800251 1939908 246329 0.11
834895 2273664 246459 0.8
797002 1934357 246496 0.13
794213 1932826 246583 0.12
792053 1926346 246757 0.13
831224 2260855 246807 0.7
792682 1921317 246844 0.12
791688 1917831 246938 0.11
827906 2252333 247068 0.6
787653 1913226 247105 0.13
788282 1908197 247192 0.12
786122 1901637 247366 0.13
823624 2240215 247416 0.8
784732 1898787 247460 0.11
781967 1892672 247627 0.13
820344 2231415 247677 0.7
778583 1887416 247801 0.13
780250 1881349 247895 0.11
816137 2219382 248025 0.6
777751 1875128 248062 0.13
775591 1868648 248236 0.13
812744 2210775 248286 0.8
774248 1865511 248330 0.11
772311 1858808 248497 0.13
809099 2202420 248547 0.7
770151 1852248 248671 0.13
807203 2196716 248721 0.6
768808 1849191 248765 0.11
764423 1844936 248932 0.13
803659 2188180 248982 0.8
762263 1838376 249106 0.13
801049 2183270 249156 0.7
764604 1831635 249200 0.11
761431 1826088 249367 0.13
798503 2173816 249417 0.6
759271 1819608 249541 0.13
796489 2168070 249591 0.8
757928 1816551 249635 0.11
753543 1812216 249802 0.13
793289 2159430 249852 0.7
751303 1805656 249976 0.13
791049 2153910 250026 0.6
752488 1800151 250070 0.11
750551 1793448 250237 0.13
787769 2145190 250287 0.8
748311 1786808 250411 0.13
785609 2139750 250461 0.7
747048 1783831 250505 0.11
742583 1779496 250672 0.13
782329 2130950 250722 0.6
740423 1772936 250846 0.13
780169 2125590 250896 0.8
741608 1767511 250940 0.11
739591 1760648 251107 0.13
775869 2116770 251157 0.7
737431 1754168 251281 0.13
773709 2110290 251331 0.6
737324 1749875 251375 0.11
734151 1744328 251542 0.13
771449 2099430 251592 0.8
731991 1737848 251716 0.13
769289 2092870 251766 0.7
730648 1734711 251810 0.11
726263 1730456 251977 0.13
764989 2084130 252027 0.6
725143 1724936 252151 0.13
763849 2076550 252201 0.8
726328 1719511 252245 0.11
724391 1712808 252412 0.13
760569 2066710 252462 0.7
722151 1706168 252586 0.13
758409 2060230 252636 0.6
720888 1703191 252680 0.11
716423 1698776 252847 0.13
755129 2050390 252897 0.8
714263 1692296 253021 0.13
754009 2044950 253071 0.7
715448 1686871 253115 0.11
713431 1680008 253282 0.13
749631 2036208 253332 0.8
711271 1673528 253456 0.13
748059 2029060 253506 0.7
709928 1670391 253550 0.11
705543 1666136 253717 0.13
744779 2019300 253767 0.8
703383 1659576 253891 0.13
742619 2012740 253941 0.7
704488 1654071 253985 0.11
702551 1647368 254152 0.13
739339 2002900 254202 0.8
700391 1640808 254326 0.13
737179 1996420 254376 0.7
700284 1636515 254420 0.11
697111 1630968 254587 0.13
733899 1986580 254637 0.8
694951 1624488 254761 0.13
731739 1980100 254811 0.7
693608 1621431 254855 0.11
689223 1617096 255022 0.13
729989 1968730 255072 0.8
687063 1610616 255196 0.13
727749 1962090 255246 0.7
688168 1605031 255290 0.11
686231 1598328 255457 0.13
723019 1953940 255507 0.8
683991 1591688 255631 0.13
720779 1947300 255681 0.7
682728 1588711 255725 0.11
678343 1584456 255892 0.13
717499 1937460 255942 0.8
676103 1577816 256066 0.13
715339 1930980 256116 0.7
677288 1572391 256160 0.11
675271 1565528 256327 0.13
712059 1921140 256377 0.8
673111 1559048 256501 0.13
709899 1914660 256551 0.7
671848 1556071 256595 0.11
669831 1549208 256762 0.13
706619 1904820 256812 0.8
667671 1542728 256936 0.13
704459 1898260 256986 0.7
666328 1539591 257030 0.11
661943 1535336 257197 0.13
701179 1888500 257247 0.8
659783 1528776 257371 0.13
699019 1881940 257421 0.7
662124 1522035 257465 0.11
660071 1517688 257632 0.13
695739 1872100 257682 0.8
657831 1511048 257806 0.13
693579 1865620 257856 0.7
656568 1508071 257900 0.11
652183 1503736 258067 0.13
691829 1854250 258117 0.8
649943 1497176 258241 0.13
689669 1847770 258291 0.7
651128 1491751 258335 0.11
649111 1484888 258502 0.13
685899 1840500 258552 0.8
646951 1478408 258676 0.13
683739 1833940 258726 0.7
645688 1475351 258770 0.11
642343 1472136 258937 0.13
680459 1824180 258987 0.8
640183 1465576 259111 0.13
678299 1817620 259161 0.7
641288 1460071 259205 0.11
639351 1453368 259372 0.13
675019 1807780 259422 0.8
638231 1447848 259546 0.13
672859 1801300 259596 0.7
638204 1443635 259640 0.11
634951 1438008 259807 0.13
669579 1791460 259857 0.8
632791 1431528 259981 0.13
668459 1786020 260031 0.7
631448 1428471 260075 0.11
627063 1424136 260242 0.13
665179 1776180 260292 0.8
624903 1417656 260416 0.13
663019 1769620 260466 0.7
626008 1412071 260510 0.11
624071 1405368 260677 0.13
660859 1760980 260727 0.8
621911 1398808 260851 0.13
658699 1754420 260901 0.7
620568 1395751 260945 0.11
616183 1391496 261112 0.13
656949 1743050 261162 0.8
614023 1384936 261286 0.13
654789 1736570 261336 0.7
615128 1379431 261380 0.11
613191 1372648 261547 0.13
649979 1728260 261597 0.8
611031 1366168 261721 0.13
647739 1721700 261771 0.7
609688 1363111 261815 0.11
605303 1358776 261982 0.13
644539 1711940 262032 0.8
603063 1352216 262156 0.13
642299 1705300 262206 0.7
604248 1346711 262250 0.11
602311 1340008 262417 0.13
639019 1695540 262467 0.8
600071 1333368 262591 0.13
636859 1688980 262641 0.7
601084 1330195 262685 0.11
597911 1324728 262852 0.13
633579 1679140 262902 0.8
595751 1318168 263026 0.13
631419 1672660 263076 0.7
594408 1315111 263120 0.11
590023 1310776 263287 0.13
629669 1661290 263337 0.8
587863 1304296 263461 0.13
627509 1654810 263511 0.7
588968 1298791 263555 0.11
587031 1292008 263722 0.13
623819 1647620 263772 0.8
585911 1286568 263896 0.13
621579 1640980 263946 0.7
584648 1283511 263990 0.11
580183 1279176 264157 0.13
618379 1631300 264207 0.8
578023 1272616 264331 0.13
616139 1624660 264381 0.7
580248 1268231 264425 0.11
578311 1261528 264592 0.13
612859 1614820 264642 0.8
576151 1254968 264766 0.13
611819 1609460 264816 0.7
574808 1251911 264860 0.11
570423 1247576 265027 0.13
608539 1599620 265077 0.8
570631 1238568 265201 0.13
606379 1593140 265251 0.7
569368 1235591 265295 0.11
567431 1228808 265462 0.13
604139 1584340 265512 0.8
562743 1224696 265636 0.13
601979 1577780 265686 0.7
565164 1217955 265730 0.11
561911 1212408 265897 0.13
598699 1568020 265947 0.8
559751 1205848 266071 0.13
596539 1561460 266121 0.7
556367 1200592 266245 0.13
594789 1550090 266382 0.8
554207 1194032 266419 0.13
592629 1543610 266556 0.7
551967 1187472 266593 0.13
549807 1180912 266767 0.13
587819 1535300 266817 0.8
547647 1174432 266941 0.13
585659 1528820 266991 0.7
545487 1167872 267115 0.13
582649 1523110 267165 0.8
543247 1161312 267289 0.13
580409 1516550 267339 0.7
541087 1154752 267463 0.13
579099 1509140 267513 0.8
538927 1148272 267637 0.13
576939 1502660 267687 0.7
536767 1141712 267811 0.13
574779 1496100 267861 0.8
534527 1135152 267985 0.13
572539 1489540 268035 0.7
456436 352203 268059 0.18
532367 1128592 268159 0.13
570379 1482980 268209 0.8
530207 1122112 268333 0.13
568219 1476500 268383 0.7
528047 1115552 268507 0.13
566059 1469940 268557 0.8
525807 1108992 268681 0.13
563819 1463380 268731 0.7
523647 1102432 268855 0.13
563572 1454907 268905 0.8
521487 1095952 269029 0.13
561412 1448427 269079 0.7
519327 1089392 269203 0.13
559252 1441867 269253 0.8
517087 1082832 269377 0.13
557012 1435307 269427 0.7
514927 1076272 269551 0.13
552939 1430660 269601 0.8
512767 1069792 269725 0.13
550779 1424180 269775 0.7
510607 1063232 269899 0.13
548619 1417620 269949 0.8
546379 1411060 270123 0.7
508551 1054408 270160 0.13
544219 1404500 270297 0.8
506391 1047848 270334 0.13
542059 1398020 270471 0.7
502927 1042512 270508 0.13
539899 1391460 270645 0.8
500767 1035952 270682 0.13
537659 1384900 270819 0.7
498607 1029472 270856 0.13
458578 664061 270980 0.14
535499 1378340 270993 0.8
496447 1022912 271030 0.13
531369 1371590 271254 0.7
529209 1365030 271428 0.8
450895 648784 271589 0.14
527049 1358550 271602 0.7
526509 1350210 271776 0.8
525412 1342667 271950 0.7
523252 1336107 272124 0.8
521312 1333647 272211 0.7
519179 1331540 272298 0.8
441137 629182 272372 0.14
516529 1329710 272385 0.7
516939 1324900 272472 0.8
515899 1321700 272559 0.7
514779 1318420 272646 0.8
513739 1315140 272733 0.7
512619 1311860 272820 0.8
511499 1308580 272907 0.7
507809 1304670 273081 0.8
509749 1298330 273168 0.7
505649 1298110 273255 0.8
507589 1290730 273342 0.7
505019 1287940 273429 0.8
506449 1280910 273516 0.8
504289 1274510 273690 0.8
498069 1275130 273777 0.8
499499 1268260 273864 0.8
498459 1263940 273951 0.8
497339 1259540 274038 0.8
496299 1255220 274125 0.8
495179 1250820 274212 0.8
494059 1246420 274299 0.8
417113 580166 274373 0.14
494449 1237390 274473 0.8
493329 1232990 274560 0.8
489739 1231220 274647 0.8
488619 1226900 274734 0.8
487579 1222500 274821 0.8
410677 568042 274895 0.14
486459 1218100 274908 0.8
485339 1213780 274995 0.8
484299 1209380 275082 0.8
483179 1205060 275169 0.8
482059 1200660 275256 0.8
482059 1197380 275343 0.8
481019 1193140 275430 0.8
479899 1188660 275517 0.8
478859 1184340 275604 0.8
400917 548442 275678 0.14
477739 1180020 275691 0.8
476619 1175540 275778 0.8
475579 1171300 275865 0.8
474459 1166900 275952 0.8
473339 1162500 276039 0.8
472299 1158260 276126 0.8
467589 1152010 276300 0.8
468389 1136970 276561 0.8
464209 1135790 276648 0.9
466149 1128250 276735 0.8
463579 1125540 276822 0.9
459889 1121630 276996 0.8
461829 1114090 277083 0.9
457649 1112830 277170 0.8
459669 1105450 277257 0.9
460845 1098674 277344 0.8
455899 1098260 277431 0.9
458685 1090034 277518 0.8
453739 1089540 277605 0.9
375673 499446 277766 0.14
450049 1084510 277779 0.8
451989 1077050 277866 0.9
447889 1075790 277953 0.8
449829 1068330 278040 0.9
447179 1065460 278127 0.8
446139 1061220 278214 0.9
370233 487446 278288 0.14
445019 1056820 278301 0.8
443979 1052500 278388 0.9
442859 1048100 278475 0.8
441739 1043700 278562 0.9
440699 1039380 278649 0.8
439579 1036100 278736 0.9
438459 1031620 278823 0.8
364799 474400 278897 0.14
437419 1027460 278910 0.9
436299 1024100 278997 0.8
435259 1019780 279084 0.9
434139 1015460 279171 0.8
433019 1010980 279258 0.9
433019 1007700 279345 0.8
431979 1003460 279432 0.9
430859 998980 279519 0.8
429739 994660 279606 0.9
428699 990340 279693 0.8
425009 985390 279867 0.9
428069 979050 279954 0.8
426949 974570 280041 0.9
425829 970250 280128 0.8
427085 963634 280215 0.9
422549 959290 280389 0.8
418449 958110 280476 0.9
420389 950650 280563 0.8
309319 205080 280587 0.18
416289 949390 280650 0.9
417819 944580 280737 0.8
416699 940180 280824 0.9
414049 936190 280998 0.8
416069 928890 281085 0.9
340793 423126 281159 0.14
411889 927470 281172 0.8
413829 920170 281259 0.9
301723 197476 281283 0.18
411259 917300 281346 0.8
411259 914020 281433 0.9
410139 909700 281520 0.8
409099 905300 281607 0.9
335353 412246 281681 0.14
407979 900900 281694 0.8
406859 896580 281781 0.9
405819 892180 281868 0.8
404699 887940 281955 0.9
403579 883460 282042 0.8
402539 879140 282129 0.9
402539 875940 282216 0.8
401419 871460 282303 0.9
326515 396044 282377 0.14
400379 867140 282390 0.8
400379 863940 282477 0.9
399259 859460 282564 0.8
398139 856260 282651 0.9
397099 851940 282738 0.8
395979 847540 282825 0.9
398685 839314 282912 0.8
394859 839860 282999 0.9
397645 831714 283086 0.8
393189 827530 283260 0.9
389009 826110 283347 0.8
390949 818810 283434 0.9
386849 817470 283521 0.8
386139 809380 283782 0.9
385099 805060 283869 0.8
383979 800580 283956 0.9
382939 796340 284043 0.8
381819 791940 284130 0.9
380699 787540 284217 0.8
262435 158204 284415 0.19
377419 779940 284478 0.9
376379 775620 284565 0.8
375259 771220 284652 0.9
374219 768020 284739 0.8
373099 763540 284826 0.9
371979 760260 284913 0.8
370939 756020 285000 0.9
369819 751540 285087 0.8
368699 747300 285174 0.9
367659 742900 285261 0.8
366539 738500 285348 0.9
365499 734260 285435 0.8
364379 729780 285522 0.9
367085 721554 285609 0.8
362219 721140 285696 0.9
364925 712834 285783 0.8
359979 712420 285870 0.9
358939 708020 285957 0.8
357819 703620 286044 0.9
356779 699380 286131 0.8
355659 694900 286218 0.9
354539 690500 286305 0.8
353499 686260 286392 0.9
352379 681780 286479 0.8
351259 677540 286566 0.9
350219 673140 286653 0.8
349099 668740 286740 0.9
348059 664500 286827 0.8
346939 660020 286914 0.9
345819 655620 287001 0.8
344779 651380 287088 0.9
343659 646900 287175 0.8
342539 642660 287262 0.9
341499 638260 287349 0.8
340869 631290 287523 0.9
336689 630030 287610 0.8
338629 622490 287697 0.9
334529 621230 287784 0.8
336059 616500 287871 0.9
334939 612020 287958 0.8
333819 607780 288045 0.9
332779 603380 288132 0.8
331659 598980 288219 0.9
330619 594740 288306 0.8
329499 590260 288393 0.9
332205 582034 288480 0.8
328379 582660 288567 0.9
331165 574434 288654 0.8
326219 574020 288741 0.9
325099 569540 288828 0.8
324059 565220 288915 0.9
322939 560900 289002 0.8
321899 556500 289089 0.9
320779 552100 289176 0.8
319659 547780 289263 0.9
318619 543380 289350 0.8
317499 539140 289437 0.9
316379 534660 289524 0.8
315339 530340 289611 0.9
314219 526020 289698 0.8
313179 521620 289785 0.9
312059 517220 289872 0.8
310939 512900 289959 0.9
309899 508500 290046 0.8
308779 504260 290133 0.9
307659 499780 290220 0.8
306619 495460 290307 0.9
305499 491140 290394 0.8
304459 486740 290481 0.9
303339 482340 290568 0.8
302219 478020 290655 0.9
301179 473620 290742 0.8
300059 469380 290829 0.9
298939 464900 290916 0.8
297899 460580 291003 0.9
296779 456260 291090 0.8
299565 448034 291177 0.9
294619 447460 291264 0.8
297325 439314 291351 0.9
292459 438740 291438 0.8
291339 434500 291525 0.9
290219 430020 291612 0.8
290219 426740 291699 0.9
289179 422500 291786 0.8
288059 418020 291873 0.9
287019 413700 291960 0.8
285899 409380 292047 0.9
282229 407450 292134 0.9
283739 400740 292221 0.9
282619 396260 292308 0.9
281499 391860 292395 0.9
280459 387620 292482 0.9
279339 383140 292569 0.9
278299 378820 292656 0.9
277179 374500 292743 0.9
276059 370020 292830 0.9
275019 365860 292917 0.9
273899 361380 293004 0.9
272779 356980 293091 0.9
271739 352740 293178 0.9
270619 348260 293265 0.9
269579 343940 293352 0.9
268459 339620 293439 0.9
267339 335140 293526 0.9
266299 330980 293613 0.9
265179 326500 293700 0.9
264059 322100 293787 0.9
263019 317860 293874 0.9
261899 313380 293961 0.9
268510 301409 294048 0.9
259739 304740 294135 0.9
258619 300260 294222 0.9
257579 296100 294309 0.9
256459 291620 294396 0.9
255339 287220 294483 0.9
254299 282980 294570 0.9
253179 278500 294657 0.9
252139 274180 294744 0.9
251019 269860 294831 0.9
249899 265380 294918 0.9
248859 261220 295005 0.9
247739 256740 295092 0.9
246619 252340 295179 0.9
245579 248100 295266 0.9
244459 243620 295353 0.9
243419 239300 295440 0.9
242299 234980 295527 0.9
241179 230500 295614 0.9
240139 226340 295701 0.9
239019 221860 295788 0.9
237899 217460 295875 0.9
236859 213220 295962 0.9
235739 208740 296049 0.9
234699 204420 296136 0.9
233579 200100 296223 0.9
232459 195620 296310 0.9
231419 191460 296397 0.9
230299 186980 296484 0.9
229179 182580 296571 0.9
228139 178340 296658 0.9
234670 166209 296745 0.9
225979 169540 296832 0.9
224859 165220 296919 0.9
223739 160740 297006 0.9
222699 156580 297093 0.9
221579 152100 297180 0.9
220459 147700 297267 0.9
219419 143460 297354 0.9
218299 138980 297441 0.9
217259 134660 297528 0.9
216139 130340 297615 0.9
215019 125860 297702 0.9
213979 121700 297789 0.9
212859 117220 297876 0.9
211739 112820 297963 0.9
210699 108580 298050 0.9
209579 104100 298137 0.9
208539 99780 298224 0.9
207419 95460 298311 0.9
206299 90980 298398 0.9
205259 86820 298485 0.9
204139 82340 298572 0.9
203019 77940 298659 0.9
201979 73700 298746 0.9
200859 69220 298833 0.9
199819 64900 298920 0.9
198699 60580 299007 0.9
197579 56100 299094 0.9
196539 51940 299181 0.9
195419 47460 299268 0.9
194299 43060 299355 0.9
193259 38820 299442 0.9
192139 34340 299529 0.9
198750 22369 299616 0.9
189979 25700 299703 0.9
73877 -30357 299727 0.19
188859 21220 299790 0.9
187819 17060 299877 0.9
186699 12580 299964 0.9
185579 8180 300051 0.9
184539 3940 300138 0.9
183419 -539 300225 0.9
182379 -4859 300312 0.9
181259 -9179 300399 0.9
65162 -39082 300423 0.18
180139 -13659 300486 0.9
179099 -17819 300573 0.9
177979 -22299 300660 0.9
176859 -26699 300747 0.9
175819 -30939 300834 0.9
174699 -35419 300921 0.9
173659 -39739 301008 0.9
172539 -44059 301095 0.9
171419 -48539 301182 0.9
132563 -70483 301219 0.10
170379 -52699 301269 0.9
54261 -49941 301293 0.18
131440 -72720 301306 0.10
169259 -57179 301356 0.9
53156 -51076 301380 0.18
130401 -74881 301393 0.10
168139 -61579 301443 0.9
52117 -52117 301467 0.19
131127 -78887 301480 0.10
90112 -66272 301517 0.14
167099 -65819 301530 0.9
125927 -77047 301567 0.10
89056 -67296 301604 0.14
165979 -70299 301617 0.9
128967 -83207 301654 0.10
87961 -68441 301691 0.14
164939 -74619 301704 0.9
85225 -67785 301778 0.14
163819 -78939 301791 0.9
87165 -71965 301865 0.14
162699 -83419 301878 0.9
82985 -70025 301952 0.14
161659 -87579 301965 0.9
85005 -74125 302039 0.14
80825 -72185 302126 0.14
82765 -76365 302213 0.14
150942 -109662 302835 0.6
142009 -102809 302922 0.6
148800 -111840 303009 0.6
147737 -112857 303096 0.6
148929 -116289 303183 0.6
142709 -112309 303270 0.6
146769 -118449 303357 0.6
22758 -22758 303915 0.19
2161 -2161 305655 0.19
9429 -9429 307799 0.14
9429 -9429 307886 0.14
9429 -9429 307973 0.14
32283 -32283 309595 0.10
32414 -32414 309682 0.10
32414 -32414 309769 0.10
18455 -17415 309834 0.14
14113 -14113 309843 0.19
25971 -23811 310008 0.14
31506 -31506 310182 0.14
45196 -43116 310458 0.19
23890 -23890 310754 0.10
29059 -26899 310928 0.10
33554 -32514 311102 0.10
47363 -47363 311689 0.14
43636 -43636 311875 0.14
53695 -53695 311944 0.10
49241 -49241 312031 0.10
39722 -39722 312052 0.14
45072 -45072 312118 0.10
75309 -75309 313146 0.10
75309 -75309 313233 0.10
37276 -37276 313305 0.6
75309 -75309 313320 0.10
38857 -38857 313392 0.6
38857 -38857 313566 0.6
47083 -46043 313572 0.14
52214 -52214 313833 0.14
50387 -50387 314081 0.14
38356 -38356 314187 0.14
50058 -50058 314231 0.10
58026 -58026 314274 0.14
50058 -50058 314318 0.10
102030 -102030 314414 0.6
69811 -68771 314470 0.14
53611 -53611 314492 0.10
102030 -102030 314501 0.6
98993 -98993 314588 0.6
73405 -70205 314644 0.14
74880 -71680 314818 0.14
78035 -75875 315166 0.14
78691 -76531 315253 0.14
78035 -75875 315340 0.14
86372 -86372 315390 0.10
57356 -56316 315412 0.6
79565 -77405 315427 0.14
76505 -74345 315514 0.14
79565 -76365 315601 0.14
67014 -65974 315673 0.6
89996 -85756 315738 0.10
68150 -68150 315760 0.6
77117 -71677 315862 0.14
89996 -85756 315912 0.10
78035 -71555 316036 0.14
77380 -70900 316210 0.14
78691 -72211 316471 0.14
78035 -70435 316558 0.14
107966 -104766 316571 0.6
78953 -71353 316645 0.14
73445 -64725 316732 0.14
104047 -98607 316782 0.10
82626 -72866 316819 0.14
80331 -70571 316906 0.14
104047 -97567 316956 0.10
78035 -67155 316993 0.14
110850 -106610 317006 0.6
110850 -107650 317093 0.6
76505 -64585 317167 0.14
79565 -67645 317254 0.14
104047 -96527 317304 0.10
79565 -67645 317428 0.14
78035 -66115 317602 0.14
129471 -125151 317702 0.6
78035 -66115 317776 0.14
78035 -66115 317950 0.14
130648 -123128 318137 0.6
104047 -92127 318348 0.10
129549 -123069 318398 0.6
32661 -30581 318683 0.19
104047 -89967 318696 0.10
104047 -91087 319044 0.10
131016 -119096 319094 0.6
104727 -91767 319131 0.10
104047 -91087 319218 0.10
106087 -94167 319305 0.10
102007 -90087 319392 0.10
106087 -94167 319479 0.10
130059 -117099 319529 0.6
102007 -89047 319566 0.10
104047 -91087 319740 0.10
104047 -89967 319827 0.10
130509 -117549 319877 0.6
105271 -91191 320001 0.10
105271 -91191 320175 0.10
102823 -88743 320262 0.10
104047 -89967 320349 0.10
102007 -87927 320436 0.10
106087 -92007 320523 0.10
110168 -96088 320610 0.10
130059 -117099 320660 0.6
107127 -90967 320784 0.10
130059 -115979 320921 0.6
105962 -91962 320958 0.10
103863 -89863 321045 0.10
130059 -115979 321095 0.6
105087 -89967 321132 0.10
103047 -89047 321219 0.10
105087 -95407 321393 0.10
105087 -99807 321567 0.10
131099 -116059 321878 0.6
132056 -120296 322313 0.6
132056 -124616 322487 0.6
131949 -127709 322661 0.6
129569 -126449 322748 0.6
131099 -127979 322835 0.6
127509 -127509 322922 0.6
111649 -111649 323058 0.6
107354 -107354 323145 0.6
28147 -28147 323862 0.6
36471 -36471 324154 0.6
9722 -9722 327555 0.19
22142 -22142 328271 0.18
20000 -20000 329947 0.18
20068 -20068 330214 0.18
4322 -4322 331743 0.19
815 -815 346268 0.18
829 -829 346906 0.18
1237 -1237 350221 0.18
3305 -3305 350456 0.18
15835 -15835 350725 0.18
17815 -17815 350994 0.18
5340 -5340 351094 0.18
33651 -33651 351263 0.18
34353 -34353 351373 0.18
33651 -33651 351532 0.18
32445 -32445 351652 0.18
33651 -33651 351801 0.18
32445 -32445 351931 0.18
33651 -33651 352070 0.18
32445 -32445 352210 0.18
33651 -33651 352339 0.18
32445 -32445 352489 0.18
33651 -33651 352608 0.18
32445 -32445 352768 0.18
33651 -33651 352877 0.18
32445 -32445 353047 0.18
33651 -33651 353146 0.18
32445 -32445 353326 0.18
33651 -33651 353415 0.18
32445 -32445 353605 0.18
32679 -32679 353692 0.18
32445 -32445 353884 0.18
32445 -32445 353971 0.18
32445 -32445 354163 0.18
32445 -32445 354250 0.18
30387 -30387 354409 0.18
39975 -39975 354496 0.18
41575 -41575 354583 0.18
48963 -48963 354670 0.18
49621 -49621 354775 0.18
40810 -40810 354957 0.18
32445 -32445 355054 0.18
18683 -18683 355282 0.18
55084 -55084 355369 0.18
55084 -55084 355456 0.18
39072 -39072 355543 0.18
8745 -8745 356091 0.18
7773 -7773 356639 0.18
8745 -8745 357187 0.18
7773 -7773 357735 0.18
8745 -8745 358283 0.18
12678 -12678 358619 0.18
14262 -14262 358955 0.18
19721 -19721 359171 0.18
22186 -22186 359387 0.18
19721 -19721 359603 0.18
21490 -21490 359826 0.18
19102 -19102 360049 0.18
21490 -21490 360272 0.18
21193 -21193 360473 0.18
23842 -23842 360674 0.18
23535 -23535 360855 0.18
